,baseOrig,compOrig,baseCharStart,baseCharEnd,baseWdStart,baseWdEnd,baseRefStart,baseRefEnd,compCharStart,compCharEnd,compWdStart,compWdEnd,compRefStart,compRefEnd,baseStr,compStr,compWork
3232,ref-mek.1.1.1.481-ref-mek.1.1.1.500,ref-m.2.9.2.3.37-ref-m.2.9.2.3.46,2467,2564,380,398,ref-mek.00001.00001.00001.00481,ref-mek.00001.00001.00001.00500,259309,259352,40139,40148,ref-m.00002.00009.00002.00003.00037,ref-m.00002.00009.00002.00003.00046,היה היה דבר ה' וגו' ויש אומרים נדבר עמו בארץ ונדבר עמו בחוצה לארץ שנאמר היה היה דבר ה' היה ,יהיה בארץ דבר כי יהיה בארץ אשר היה דבר ה' ,ref-m
3233,ref-mek.1.2.1.202-ref-mek.1.2.1.209,ref-m.2.8.1.1.28-ref-m.2.8.1.1.32,7666,7720,1279,1286,ref-mek.00001.00002.00001.00202,ref-mek.00001.00002.00001.00209,248676,248719,38494,38498,ref-m.00002.00008.00001.00001.00028,ref-m.00002.00008.00001.00001.00032,לשנים ולא לשמטין ויובלות ולא לנטיעה ולא לירקות ,לשנים ולשמיטין וליובלות לנטיעה ולירקות ,ref-m
3234,ref-mek.1.2.1.210-ref-mek.1.2.1.217,ref-m.3.5.7.8.22-ref-m.3.5.7.8.27,7721,7764,1287,1294,ref-mek.00001.00002.00001.00210,ref-mek.00001.00002.00001.00217,397161,397195,61870,61875,ref-m.00003.00005.00007.00008.00022,ref-m.00003.00005.00007.00008.00027,שנאמר מקץ שבע שנים במועד שנת השמטה וגו' ,שנאמר מקץ שבע שנים במועד וגומר ,ref-m
3235,ref-mek.1.2.1.232-ref-mek.1.2.1.237,ref-m.2.8.1.1.28-ref-m.2.8.1.1.32,7835,7880,1307,1312,ref-mek.00001.00002.00001.00232,ref-mek.00001.00002.00001.00237,248676,248719,38494,38498,ref-m.00002.00008.00001.00001.00028,ref-m.00002.00008.00001.00001.00032,לשנים ולא לשמטין ויובלות לנטיעה ולירקות ,לשנים ולשמיטין וליובלות לנטיעה ולירקות ,ref-m
3236,ref-mek.1.4.2.66-ref-mek.1.4.2.72,ref-m.2.3.9.5.3-ref-m.2.3.9.5.10,11580,11620,1883,1889,ref-mek.00001.00004.00002.00066,ref-mek.00001.00004.00002.00072,195138,195182,30002,30009,ref-m.00002.00003.00009.00005.00003,ref-m.00002.00003.00009.00005.00010,פסח דורות שפסח מצרים מקחו מבעשור ופסח ,פסח מצרים לפסח דורות פסח מצרים מקחו מבעשור ,ref-m
3237,ref-mek.1.4.3.9-ref-mek.1.4.3.17,ref-m.2.3.8.3.24-ref-m.2.3.8.3.40,11980,12032,1954,1962,ref-mek.00001.00004.00003.00009,ref-mek.00001.00004.00003.00017,193394,193482,29721,29732,ref-m.00002.00003.00008.00003.00024,ref-m.00002.00003.00008.00003.00040,שלעולם נמנין על הפסח ומושכים ידיהם ממנו עד שישחט ,לעולם נימנין עליו עד_שיהא_בו כזית לכל_אחד_ואחד נימנין ומושכין את ידיהן ממנו עד שישחט ,ref-m
3238,ref-mek.1.4.3.165-ref-mek.1.4.3.184,ref-m.2.3.8.7.19-ref-m.2.3.8.8.3,12800,12919,2074,2091,ref-mek.00001.00004.00003.00165,ref-mek.00001.00004.00003.00184,194144,194228,29844,29857,ref-m.00002.00003.00008.00007.00019,ref-m.00002.00003.00008.00008.00003,הקטן שאינן יכולין לאכול כזית תלמוד_לומר_איש לפי אכלו יצאו החולה והקטן שאינן יכולין לאכול כזית שאין שוחטין עליהן ,לאכול כזית אין שוחטין עליהן ואין עושין חבורת נשים ועבדים וקטנים אונן טובל ואוכל ,ref-m
3239,ref-mek.1.4.3.167-ref-mek.1.4.3.186,ref-m.2.3.8.6.11-ref-m.2.3.8.6.21,12813,12928,2076,2093,ref-mek.00001.00004.00003.00167,ref-mek.00001.00004.00003.00186,193851,193914,29793,29803,ref-m.00002.00003.00008.00006.00011,ref-m.00002.00003.00008.00006.00021,יכולין לאכול כזית תלמוד_לומר_איש לפי אכלו יצאו החולה והקטן שאינן יכולין לאכול כזית שאין שוחטין עליהן תכוסו על ,והחולה והזקן שהן יכולין לאכול כזית שוחטין עליהן על כולן אין ,ref-m
3240,ref-mek.1.4.3.210-ref-mek.1.4.3.218,ref-m.2.3.8.3.34-ref-m.2.3.8.3.40,13039,13088,2109,2116,ref-mek.00001.00004.00003.00210,ref-mek.00001.00004.00003.00218,193443,193482,29727,29732,ref-m.00002.00003.00008.00003.00034,ref-m.00002.00003.00008.00003.00040,שנמנים על הפסח ומושכים את ידיהם ממנו עד שישחט ,נימנין ומושכין את ידיהן ממנו עד שישחט ,ref-m
3241,ref-mek.1.5.1.106-ref-mek.1.5.2.29,ref-m.5.2.7.6.12-ref-m.5.2.7.6.26,13680,13908,2200,2230,ref-mek.00001.00005.00001.00106,ref-mek.00001.00005.00002.00029,668908,668982,104077,104091,ref-m.00005.00002.00007.00006.00012,ref-m.00005.00002.00007.00006.00026,להביא מין אחר מה_תלמוד_לומר מן הכבשים ומן העזים מזה_בפני_עצמו ומזה_בפני_עצמו והיה לכם להביא פסח דורות שלא יבוא אלא מן הכשבים ומן העזים דברי_ר'_אליעזר ר'_יאשיה_אומר תקחו למה_נאמר_לפי_שנאמר וזבחת פסח לה' אלהיך צאן ובקר ,וזבחת פסח לה' אלהיך צאן ובקר והלא אין פסח בא אלא מן הכבשים ומן העזים ,ref-m
3242,ref-mek.1.5.2.117-ref-mek.1.5.2.151,ref-m.5.2.7.6.11-ref-m.5.2.7.6.26,14345,14522,2297,2324,ref-mek.00001.00005.00002.00117,ref-mek.00001.00005.00002.00151,668901,668982,104076,104091,ref-m.00005.00002.00007.00006.00011,ref-m.00005.00002.00007.00006.00026,אמור אם כן מה_תלמוד_לומר וזבחת פסח לה' אלהיך צאן ובקר צאן לפסח ובשר לחגיגה ר'_עקיבא_אומר כתוב_אחד_אומר וזבחת פסח לה' אלהיך צאן ובקר וכתוב אחר אומר מן הכשבים ומן העזים ,שנאמר וזבחת פסח לה' אלהיך צאן ובקר והלא אין פסח בא אלא מן הכבשים ומן העזים ,ref-m
3243,ref-mek.1.6.1.323-ref-mek.1.6.1.337,ref-m.6.7.6.11.10-ref-m.6.7.6.11.21,16773,16853,2697,2709,ref-mek.00001.00006.00001.00323,ref-mek.00001.00006.00001.00337,986354,986421,153655,153665,ref-m.00006.00007.00006.00011.00010,ref-m.00006.00007.00006.00011.00021,מכל מצות האמורות בתורה סתם כשהוא_אומר_וכי תשגו ולא תעשו וגו' באו כל המצות ,בכל מצות האמורות בתורה וכן תנוק שהביא שתי שערות חייב בכל מצות ,ref-m
3244,ref-mek.1.6.1.582-ref-mek.1.6.1.598,ref-m.5.5.2.5.1-ref-m.5.5.2.5.18,18152,18255,2918,2932,ref-mek.00001.00006.00001.00582,ref-mek.00001.00006.00001.00598,726397,726502,113060,113074,ref-m.00005.00005.00002.00005.00001,ref-m.00005.00005.00002.00005.00018,אין פוחתים מששה טלאים המבוקרין מלשכת הטלאים כדי לשבת ולשני ימים טובים של ראש השנה ומוסיפין לעולם ,אין פוחתין מששה טלאים המבוקרין בלשכת הטלאים כדי לשבת ולשני ימים טובים של_ראש_השנה ומוסיפין עד לעולם ,ref-m
3245,ref-mek.1.6.1.603-ref-mek.1.6.1.609,ref-m.2.3.9.5.3-ref-m.2.3.9.5.10,18280,18319,2935,2941,ref-mek.00001.00006.00001.00603,ref-mek.00001.00006.00001.00609,195138,195182,30002,30009,ref-m.00002.00003.00009.00005.00003,ref-m.00002.00003.00009.00005.00010,פסח דורות שפסח מצרים מקחו בעשור ופסח ,פסח מצרים לפסח דורות פסח מצרים מקחו מבעשור ,ref-m
3246,ref-mek.1.6.1.695-ref-mek.1.6.1.703,ref-m.2.9.4.2.6-ref-m.2.9.4.2.14,18742,18784,3010,3015,ref-mek.00001.00006.00001.00695,ref-mek.00001.00006.00001.00703,264147,264189,40854,40859,ref-m.00002.00009.00004.00002.00006,ref-m.00002.00009.00004.00002.00014,צו את_בני_ישראל ואמרת אליהם את קרבני לחמי ,צו את בני ישראל ואמרת אליהם את קרבני לחמי ,ref-m
3247,ref-mek.1.6.1.770-ref-mek.1.6.1.776,ref-m.2.3.5.5.1-ref-m.2.3.5.5.14,19124,19163,3072,3078,ref-mek.00001.00006.00001.00770,ref-mek.00001.00006.00001.00776,186975,187050,28702,28715,ref-m.00002.00003.00005.00005.00001,ref-m.00002.00003.00005.00005.00014,הפסח נשחט בשלש כתות קהל ועדה וישראל ,הפסח נשחט בשלש כתות שנאמר ושחטו אותו כל קהל עדת ישראל קהל ועדה וישראל ,ref-m
3248,ref-mek.1.7.2.48-ref-mek.1.7.2.82,ref-m.1.1.1.1.62-ref-m.1.1.1.1.93,20951,21143,3349,3383,ref-mek.00001.00007.00002.00048,ref-mek.00001.00007.00002.00082,318,487,46,75,ref-m.00001.00001.00001.00001.00062,ref-m.00001.00001.00001.00001.00093,עמוד השחר מכאן אמרו אכילת פסחים ואכילת זבחים והקטר חלבים ואיברין מצותן עד שיעלה עמוד השחר כל הנאכלין ליום אחד מצותן עד שיעלה עמוד השחר ומפני מה אמרו עד חצות כדי להרחיק אדם מן העבירה ,שיעלה עמוד השחר הקטר חלבים ואברים מצותן עד שיעלה עמוד השחר וכל הנאכלין ליום אחד מצותן עד שיעלה עמוד השחר אם_כן_למה אמרו חכמים עד חצות כדי להרחיק אדם מן העבירה ,ref-m
3249,ref-mek.1.7.2.83-ref-mek.1.7.2.98,ref-m.4.9.1.1.17-ref-m.4.9.1.1.28,21144,21246,3384,3398,ref-mek.00001.00007.00002.00083,ref-mek.00001.00007.00002.00098,598745,598817,92972,92983,ref-m.00004.00009.00001.00001.00017,ref-m.00004.00009.00001.00001.00028,ולעשות סייג לתורה ולקיים דברי אנשי כנסת הגדולה שהיו אומרין הוו מתונין בדין והעמידו תלמידים הרבה ,אמרו שלשה דברים הוו מתונים בדין והעמידו תלמידים הרבה ועשו סייג לתורה ,ref-m
3250,ref-mek.1.7.2.108-ref-mek.1.7.2.117,ref-m.4.10.1.4.41-ref-m.4.10.1.4.57,21294,21336,3404,3413,ref-mek.00001.00007.00002.00108,ref-mek.00001.00007.00002.00117,624122,624208,97187,97203,ref-m.00004.00010.00001.00004.00041,ref-m.00004.00010.00001.00004.00057,ונאמר להלן לילה מה להלן עד חצות אף כאן עד ,ונאמר להלן עדה מה עדה האמור להלן עד שיהיו כולם ראויין להוראה אף עדה האמורה כאן עד ,ref-m
3251,ref-mek.1.7.4.91-ref-mek.1.7.4.105,ref-m.6.8.4.8.18-ref-m.6.8.4.8.27,22599,22673,3620,3632,ref-mek.00001.00007.00004.00091,ref-mek.00001.00007.00004.00105,1001232,1001288,155952,155960,ref-m.00006.00008.00004.00008.00018,ref-m.00006.00008.00004.00008.00027,מים שאר כל משקין מנין_תלמוד_לומר ובשל מבושל להביא שאר המשקין ר' אומר אני ,ושאר כל המשקין טמאין שאין המים מטהרים את שאר המשקין ,ref-m
3252,ref-mek.1.8.1.331-ref-mek.1.8.1.346,ref-m.3.5.1.7.23-ref-m.3.5.1.7.32,25724,25808,4093,4105,ref-mek.00001.00008.00001.00331,ref-mek.00001.00008.00001.00346,386396,386452,60120,60128,ref-m.00003.00005.00001.00007.00023,ref-m.00003.00005.00001.00007.00032,בטנה ונפלה יריכה אבר שהתחיל בעברה תחלה אף_כאן_אתה_אומר והכיתי כל בכור מי שהתחיל ,התחילה בעבירה תחלה ואחר כך הבטן לפיכך תלקה הירך תחלה ,ref-m
3253,ref-mek.1.8.3.20-ref-mek.1.8.3.33,ref-m.1.1.1.5.21-ref-m.1.1.1.5.32,27818,27890,4436,4446,ref-mek.00001.00008.00003.00020,ref-mek.00001.00008.00003.00033,1372,1431,210,220,ref-m.00001.00001.00001.00005.00021,ref-m.00001.00001.00001.00005.00032,אומר ויאמר_משה_אל העם זכור את היום הזה אשר יצאתם ממצרים וגומר עדין ,עד שדרשה בן זומא שנאמר למען תזכור את יום צאתך מארץ מצרים ,ref-m
3254,ref-mek.1.9.1.32-ref-mek.1.9.1.37,ref-m.1.9.1.1.5-ref-m.1.9.1.1.10,29140,29187,4620,4625,ref-mek.00001.00009.00001.00032,ref-mek.00001.00009.00001.00037,108645,108692,16719,16724,ref-m.00001.00009.00001.00001.00005,ref-m.00001.00009.00001.00001.00010,החטים והשעורים והכוסמים ושבולת שועל ושיפון ,החטים והשעורים והכוסמין ושבולת שועל ושיפון ,ref-m
3255,ref-mek.1.9.1.32-ref-mek.1.9.1.38,ref-m.2.3.2.5.9-ref-m.2.3.2.5.15,29140,29192,4620,4626,ref-mek.00001.00009.00001.00032,ref-mek.00001.00009.00001.00038,181205,181262,27819,27825,ref-m.00002.00003.00002.00005.00009,ref-m.00002.00003.00002.00005.00015,החטים והשעורים והכוסמים ושבולת שועל ושיפון יצאו ,בחיטים בשעורים בכוסמין ובשיפון ובשבולת שועל ויוצאין ,ref-m
3256,ref-mek.1.9.1.32-ref-mek.1.9.1.37,ref-m.5.2.10.7.1-ref-m.5.2.10.7.6,29140,29187,4620,4625,ref-mek.00001.00009.00001.00032,ref-mek.00001.00009.00001.00037,676100,676148,105259,105264,ref-m.00005.00002.00010.00007.00001,ref-m.00005.00002.00010.00007.00006,החטים והשעורים והכוסמים ושבולת שועל ושיפון ,החטים והשעורים והכוסמין ושבולת שועל והשיפון ,ref-m
3257,ref-mek.1.9.1.671-ref-mek.1.9.1.676,ref-m.1.9.1.1.5-ref-m.1.9.1.1.10,32465,32508,5098,5103,ref-mek.00001.00009.00001.00671,ref-mek.00001.00009.00001.00676,108645,108692,16719,16724,ref-m.00001.00009.00001.00001.00005,ref-m.00001.00009.00001.00001.00010,החטים והשעורים והכוסמים שבולת שועל שיפון ,החטים והשעורים והכוסמין ושבולת שועל ושיפון ,ref-m
3258,ref-mek.1.9.1.671-ref-mek.1.9.1.677,ref-m.2.3.2.5.9-ref-m.2.3.2.5.15,32465,32513,5098,5104,ref-mek.00001.00009.00001.00671,ref-mek.00001.00009.00001.00677,181205,181262,27819,27825,ref-m.00002.00003.00002.00005.00009,ref-m.00002.00003.00002.00005.00015,החטים והשעורים והכוסמים שבולת שועל שיפון יצאו ,בחיטים בשעורים בכוסמין ובשיפון ובשבולת שועל ויוצאין ,ref-m
3259,ref-mek.1.9.1.671-ref-mek.1.9.1.676,ref-m.5.2.10.7.1-ref-m.5.2.10.7.6,32465,32508,5098,5103,ref-mek.00001.00009.00001.00671,ref-mek.00001.00009.00001.00676,676100,676148,105259,105264,ref-m.00005.00002.00010.00007.00001,ref-m.00005.00002.00010.00007.00006,החטים והשעורים והכוסמים שבולת שועל שיפון ,החטים והשעורים והכוסמין ושבולת שועל והשיפון ,ref-m
3260,ref-mek.1.9.1.670-ref-mek.1.9.1.676,ref-m.1.4.1.1.3-ref-m.1.4.1.1.11,32457,32508,5097,5103,ref-mek.00001.00009.00001.00670,ref-mek.00001.00009.00001.00676,34897,34954,5428,5434,ref-m.00001.00004.00001.00001.00003,ref-m.00001.00004.00001.00001.00011,המינין החטים והשעורים והכוסמים שבולת שועל שיפון ,אינן כלאים_זה_בזה השעורים ושבולת שועל הכוסמין והשיפון ,ref-m
3261,ref-mek.1.10.1.27-ref-mek.1.10.1.32,ref-m.2.8.1.9.38-ref-m.2.8.1.9.43,33193,33220,5200,5205,ref-mek.00001.00010.00001.00027,ref-mek.00001.00010.00001.00032,250259,250286,38742,38747,ref-m.00002.00008.00001.00009.00038,ref-m.00002.00008.00001.00009.00043,אלה מועדי ה' אשר תקראו אותם ,אלה מועדי ה' אשר תקראו אותם ,ref-m
3262,ref-mek.1.10.1.27-ref-mek.1.10.1.32,ref-m.2.8.2.9.33-ref-m.2.8.2.9.40,33193,33220,5200,5205,ref-mek.00001.00010.00001.00027,ref-mek.00001.00010.00001.00032,252545,252582,39104,39111,ref-m.00002.00008.00002.00009.00033,ref-m.00002.00008.00002.00009.00040,אלה מועדי ה' אשר תקראו אותם ,אלה מועדי ה' מקראי קודש אשר תקראו אתם ,ref-m
3263,ref-mek.1.10.1.108-ref-mek.1.10.1.134,ref-m.2.9.2.8.7-ref-m.2.9.2.8.16,33610,33774,5248,5271,ref-mek.00001.00010.00001.00108,ref-mek.00001.00010.00001.00134,261169,261226,40367,40374,ref-m.00002.00009.00002.00008.00007,ref-m.00002.00009.00002.00008.00016,לפניהם ולא לאחריהם הרי הן אסורין במלאכה חולו_של_מועד שיש קדושה לפניו ולאחריו אינו דין שיאסר במלאכה ו' ימי בראשית יוכיחו שיש קדושה לפניהם ולאחריהם ומותרים ,לפניו אסור לאחריו מותר רבי_יוסי_אומר לפניו ולאחריו אסור ,ref-m
3264,ref-mek.1.10.2.12-ref-mek.1.10.2.32,ref-m.2.3.3.4.41-ref-m.2.3.3.5.17,35899,36025,5583,5603,ref-mek.00001.00010.00002.00012,ref-mek.00001.00010.00002.00032,182968,183092,28089,28108,ref-m.00002.00003.00003.00004.00041,ref-m.00002.00003.00003.00005.00017,תפח ותלטוש בצונן שאור ישרף והאוכלו פטור סידוק ישרף והאוכלו חייב מיתה אי זהו שאור כקרני חגבים סידוק שנתערבו סדקיו זה בזה ,תפח תלטוש בצונן שיאור ישרף והאוכלו פטור סידוק ישרף והאוכלו חייב כרת איזהו שיאור כקרני חגבים סידוק שנתערבו סדקיו זה בזה ,ref-m
3265,ref-mek.1.10.2.46-ref-mek.1.10.2.52,ref-m.2.3.3.5.30-ref-m.2.3.3.5.36,36088,36130,5612,5618,ref-mek.00001.00010.00002.00046,ref-mek.00001.00010.00002.00052,183154,183197,28114,28120,ref-m.00002.00003.00003.00005.00030,ref-m.00002.00003.00003.00005.00036,שאור כל שהכסיפו פניו כאדם שעמדו שערותיו ,שיאור כל שהכסיפו פניו כאדם שעמדו שערותיו ,ref-m
3266,ref-mek.1.10.2.148-ref-mek.1.10.2.154,ref-m.2.3.6.2.10-ref-m.2.3.6.2.19,36610,36646,5682,5688,ref-mek.00001.00010.00002.00148,ref-mek.00001.00010.00002.00154,188516,188564,28944,28951,ref-m.00002.00003.00006.00002.00010,ref-m.00002.00003.00006.00002.00019,שהם משום מלאכה דברים שהם משום שבות ,שהיא משום מלאכה דוחה_את_השבת אלו שהן משום שבות ,ref-m
3267,ref-mek.1.10.2.148-ref-mek.1.10.2.154,ref-m.2.3.6.2.93-ref-m.2.3.6.2.102,36610,36646,5682,5688,ref-mek.00001.00010.00002.00148,ref-mek.00001.00010.00002.00154,188905,188955,29006,29013,ref-m.00002.00003.00006.00002.00093,ref-m.00002.00003.00006.00002.00102,שהם משום מלאכה דברים שהם משום שבות ,שהיא משום מלאכה דוחה_את_השבת הזאה שהיא משום שבות ,ref-m
3268,ref-mek.1.10.2.148-ref-mek.1.10.2.154,ref-m.2.3.6.2.117-ref-m.2.3.6.2.127,36610,36646,5682,5688,ref-mek.00001.00010.00002.00148,ref-mek.00001.00010.00002.00154,189016,189072,29023,29031,ref-m.00002.00003.00006.00002.00117,ref-m.00002.00003.00006.00002.00127,שהם משום מלאכה דברים שהם משום שבות ,שהיא משום שבות אינה דוחה_את_השבת שחיטה שהיא משום מלאכה ,ref-m
3269,ref-mek.1.11.3.104-ref-mek.1.11.3.109,ref-m.1.9.1.4.15-ref-m.1.9.1.4.20,39490,39541,6105,6110,ref-mek.00001.00011.00003.00104,ref-mek.00001.00011.00003.00109,109400,109453,16820,16825,ref-m.00001.00009.00001.00004.00015,ref-m.00001.00009.00001.00004.00020,ומביא האספגנין והדובשנין והאסקריטין וחלות משרת ,בתבואה הסופגנין והדובשנין והאסקריטין וחלת המשרת ,ref-m
3270,ref-mek.1.12.1.120-ref-mek.1.12.1.129,ref-m.2.3.8.3.24-ref-m.2.3.8.3.40,40592,40648,6274,6282,ref-mek.00001.00012.00001.00120,ref-mek.00001.00012.00001.00129,193394,193482,29721,29732,ref-m.00002.00003.00008.00003.00024,ref-m.00002.00003.00008.00003.00040,העולין למנין על הפסח ומושכין את ידיהם ממנו עד שישחט ,לעולם נימנין עליו עד_שיהא_בו כזית לכל_אחד_ואחד נימנין ומושכין את ידיהן ממנו עד שישחט ,ref-m
3271,ref-mek.1.12.1.177-ref-mek.1.12.1.192,ref-m.5.1.1.1.2-ref-m.5.1.1.1.17,40891,40978,6323,6337,ref-mek.00001.00012.00001.00177,ref-mek.00001.00012.00001.00192,628161,628248,97811,97825,ref-m.00005.00001.00001.00001.00002,ref-m.00005.00001.00001.00001.00017,הזבחים שלא נזבחו לשמן כשרין אלא שלא עלו לשום חובה לבעלים חוץ מן הפסח ומן החטאת ,הזבחים שנזבחו שלא לשמן כשרים אלא שלא עלו לבעלים לשם חובה חוץ מן הפסח ומן החטאת ,ref-m
3272,ref-mek.1.12.1.177-ref-mek.1.12.1.192,ref-m.5.1.1.3.40-ref-m.5.1.1.3.56,40891,40978,6323,6337,ref-mek.00001.00012.00001.00177,ref-mek.00001.00012.00001.00192,628938,629035,97941,97956,ref-m.00005.00001.00001.00003.00040,ref-m.00005.00001.00001.00003.00056,הזבחים שלא נזבחו לשמן כשרין אלא שלא עלו לשום חובה לבעלים חוץ מן הפסח ומן החטאת ,הזבחים הנאכלים שנזבחו שלא לשמן כשרים אלא שלא עלו לבעלים משום חובה חוץ מן הפסח ומן החטאת ,ref-m
3273,ref-mek.1.12.1.177-ref-mek.1.12.1.192,ref-m.6.11.4.2.5-ref-m.6.11.4.2.20,40891,40978,6323,6337,ref-mek.00001.00012.00001.00177,ref-mek.00001.00012.00001.00192,1024977,1025066,159621,159635,ref-m.00006.00011.00004.00002.00005,ref-m.00006.00011.00004.00002.00020,הזבחים שלא נזבחו לשמן כשרין אלא שלא עלו לשום חובה לבעלים חוץ מן הפסח ומן החטאת ,הזבחים שנזבחו שלא לשמן כשרים אלא שלא עלו לבעלים לשום חובה חוץ מן הפסח ומן החטאת ,ref-m
3274,ref-mek.1.12.1.177-ref-mek.1.12.1.192,ref-m.6.11.4.2.56-ref-m.6.11.4.2.72,40891,40978,6323,6337,ref-mek.00001.00012.00001.00177,ref-mek.00001.00012.00001.00192,1025261,1025357,159661,159676,ref-m.00006.00011.00004.00002.00056,ref-m.00006.00011.00004.00002.00072,הזבחים שלא נזבחו לשמן כשרין אלא שלא עלו לשום חובה לבעלים חוץ מן הפסח ומן החטאת ,הזבחים הנאכלין שנזבחו שלא לשמן כשרים אלא שלא עלו לבעלים לשם חובה חוץ מן הפסח ומן החטאת ,ref-m
3275,ref-mek.1.12.1.178-ref-mek.1.12.1.188,ref-m.5.2.1.1.4-ref-m.5.2.1.1.13,40899,40957,6324,6333,ref-mek.00001.00012.00001.00178,ref-mek.00001.00012.00001.00188,655890,655941,102071,102079,ref-m.00005.00002.00001.00001.00004,ref-m.00005.00002.00001.00001.00013,שלא נזבחו לשמן כשרין אלא שלא עלו לשום חובה לבעלים חוץ ,שלא לשמן כשרות אלא שלא עלו לבעלים משום חובה חוץ ,ref-m
3276,ref-mek.1.12.2.34-ref-mek.1.12.2.53,ref-m.6.3.14.6.15-ref-m.6.3.14.6.34,41163,41261,6371,6390,ref-mek.00001.00012.00002.00034,ref-mek.00001.00012.00002.00053,917615,917702,142952,142970,ref-m.00006.00003.00014.00006.00015,ref-m.00006.00003.00014.00006.00034,אזוב ולא אזוב יון ולא אזוב רומי ולא אזוב כחלית ולא אזוב מדברית ולא כל אזוב שיש עליו שם לווי ,אזוב לא אזוב יון לא אזוב כוחלי לא אזוב רומי לא אזוב מדברית ולא כל אזוב שיש לו שם לווי ,ref-m
3277,ref-mek.1.12.2.34-ref-mek.1.12.2.53,ref-m.6.4.11.7.1-ref-m.6.4.11.7.18,41163,41261,6371,6390,ref-mek.00001.00012.00002.00034,ref-mek.00001.00012.00002.00053,936604,936686,145969,145985,ref-m.00006.00004.00011.00007.00001,ref-m.00006.00004.00011.00007.00018,אזוב ולא אזוב יון ולא אזוב רומי ולא אזוב כחלית ולא אזוב מדברית ולא כל אזוב שיש עליו שם לווי ,כל אזוב שיש לו שם לווי פסול אזוב זה כשר אזוב יון אזוב כוחלית אזוב רומי אזוב מדברי ,ref-m
3278,ref-mek.1.12.2.341-ref-mek.1.12.2.345,ref-m.4.9.6.10.61-ref-m.4.9.6.10.65,42818,42840,6629,6633,ref-mek.00001.00012.00002.00341,ref-mek.00001.00012.00002.00345,622224,622246,96867,96871,ref-m.00004.00009.00006.00010.00061,ref-m.00004.00009.00006.00010.00065,ואומר מה רבו מעשיך ה' ,ואומר מה רבו מעשיך ה' ,ref-m
3279,ref-mek.1.12.4.6-ref-mek.1.12.4.14,ref-m.5.2.7.6.18-ref-m.5.2.7.6.26,44012,44058,6833,6841,ref-mek.00001.00012.00004.00006,ref-mek.00001.00012.00004.00014,668939,668982,104083,104091,ref-m.00005.00002.00007.00006.00018,ref-m.00005.00002.00007.00006.00026,פסח דורות שלא יביא אלא מן הכבשים ומן העזים ,והלא אין פסח בא אלא מן הכבשים ומן העזים ,ref-m
3280,ref-mek.1.13.1.111-ref-mek.1.13.1.127,ref-m.2.9.2.3.37-ref-m.2.9.2.3.46,44763,44851,6941,6953,ref-mek.00001.00013.00001.00111,ref-mek.00001.00013.00001.00127,259309,259352,40139,40148,ref-m.00002.00009.00002.00003.00037,ref-m.00002.00009.00002.00003.00046,והיכן דבר ברוך תהיה מכל העמים כיוצא_בדבר_אתה_אומר וה' האמירך היום והיכן דבר את ה' ,יהיה בארץ דבר כי יהיה בארץ אשר היה דבר ה' ,ref-m
3281,ref-mek.1.14.1.50-ref-mek.1.14.1.59,ref-m.4.10.1.4.41-ref-m.4.10.1.4.57,47488,47530,7348,7357,ref-mek.00001.00014.00001.00050,ref-mek.00001.00014.00001.00059,624122,624208,97187,97203,ref-m.00004.00010.00001.00004.00041,ref-m.00004.00010.00001.00004.00057,ונאמר להלן חצות מה להלן עד חצות אף כאן עד ,ונאמר להלן עדה מה עדה האמור להלן עד שיהיו כולם ראויין להוראה אף עדה האמורה כאן עד ,ref-m
3282,ref-mek.1.14.2.5-ref-mek.1.14.2.12,ref-m.1.1.1.2.24-ref-m.1.1.1.2.32,48728,48769,7557,7564,ref-mek.00001.00014.00002.00005,ref-mek.00001.00014.00002.00012,611,654,94,102,ref-m.00001.00001.00001.00002.00024,ref-m.00001.00001.00001.00002.00032,בשלש שעות שכן דרך מלכים לעמוד בשלש שעות ,שלש שעות שכן דרך בני מלכים לעמוד בשלש שעות ,ref-m
3283,ref-mek.1.15.4.10-ref-mek.1.15.4.18,ref-m.4.7.2.9.25-ref-m.4.7.2.9.30,54427,54477,8490,8496,ref-mek.00001.00015.00004.00010,ref-mek.00001.00015.00004.00018,571031,571063,88943,88948,ref-m.00004.00007.00002.00009.00025,ref-m.00004.00007.00002.00009.00030,וארבע מאות שנה וכתוב_אחד_אומר ועבדום וענו אותם ,ועבדום וענו אותם ארבע מאות שנה ,ref-m
3284,ref-mek.1.15.4.38-ref-mek.1.15.4.54,ref-m.4.7.2.9.24-ref-m.4.7.2.9.35,54572,54659,8511,8522,ref-mek.00001.00015.00004.00038,ref-mek.00001.00015.00004.00054,571024,571092,88942,88953,ref-m.00004.00007.00002.00009.00024,ref-m.00004.00007.00002.00009.00035,אומר כתוב_אחד_אומר ועבדום וענו אותם ד' מאות שנה וכתוב_אחד_אומר ודור רביעי ישובו הנה ,שנאמר ועבדום וענו אותם ארבע מאות שנה ונאמר ודור רביעי ישובו הנה ,ref-m
3285,ref-mek.1.15.5.93-ref-mek.1.15.5.110,ref-m.3.5.9.6.45-ref-m.3.5.9.6.61,55798,55891,8708,8722,ref-mek.00001.00015.00005.00093,ref-mek.00001.00015.00005.00110,402041,402122,62638,62653,ref-m.00003.00005.00009.00006.00045,ref-m.00003.00005.00009.00006.00061,ואומר מפני עמך אשר פדית ממצרים גוי אלהיו ר'_אליעזר_אומר עבודה זרה עברה עם ישראל בים שנאמר ,אומרים כפר לעמך ישראל אשר פדית ואל תתן דם נקי בקרב עמך ישראל לא היו צריכים לומר ,ref-m
3286,ref-mek.1.16.2.134-ref-mek.1.16.2.147,ref-m.2.2.4.2.3-ref-m.2.2.4.2.18,58245,58311,9098,9111,ref-mek.00001.00016.00002.00134,ref-mek.00001.00016.00002.00147,164689,164764,25307,25320,ref-m.00002.00002.00004.00002.00003,ref-m.00002.00002.00004.00002.00018,לומר לך הרי שלקחו רבו ערב שבת עם חשכה ולא הספיק למולו עד שיחשיך ,לא נכנסו לנמל עד שחשיכה אמרו לו לרבן גמליאל מה אנו לירד אמר להן מותר אתם ,ref-m
3287,ref-mek.1.17.1.261-ref-mek.1.17.1.273,ref-m.5.1.9.2.45-ref-m.5.1.9.2.53,63511,63579,9948,9958,ref-mek.00001.00017.00001.00261,ref-mek.00001.00017.00001.00273,644650,644695,100336,100343,ref-m.00005.00001.00009.00002.00045,ref-m.00005.00001.00009.00002.00053,תקדיש הקדישו שתקבל שכר או אם הקדישו מקודש ואם לא הקדישו אינו מקודש ,בקדש הקדש מקבלו לא היה פסולו בקדש אין הקדש ,ref-m
3288,ref-mek.1.17.1.444-ref-mek.1.17.1.448,ref-m.4.5.3.16.18-ref-m.4.5.3.16.22,64390,64413,10086,10090,ref-mek.00001.00017.00001.00444,ref-mek.00001.00017.00001.00448,547343,547366,85503,85507,ref-m.00004.00005.00003.00016.00018,ref-m.00004.00005.00003.00016.00022,שנאמר ה' חפץ למען צדקו ,שנאמר ה' חפץ למען צדקו ,ref-m
3289,ref-mek.1.17.1.444-ref-mek.1.17.1.448,ref-m.4.9.6.11.43-ref-m.4.9.6.11.47,64390,64413,10086,10090,ref-mek.00001.00017.00001.00444,ref-mek.00001.00017.00001.00448,622796,622819,96967,96971,ref-m.00004.00009.00006.00011.00043,ref-m.00004.00009.00006.00011.00047,שנאמר ה' חפץ למען צדקו ,שנאמר ה' חפץ למען צדקו ,ref-m
3290,ref-mek.1.17.2.9-ref-mek.1.17.2.53,ref-m.1.1.1.5.15-ref-m.1.1.1.5.54,65667,65916,10307,10345,ref-mek.00001.00017.00002.00009,ref-mek.00001.00017.00002.00053,1334,1547,204,237,ref-m.00001.00001.00001.00005.00015,ref-m.00001.00001.00001.00005.00054,שמזכירים יציאת מצרים בימים בלילות מנין שנאמר למען תזכור את יום צאתך וגו' ימי חייך בימים כל ימי חייך הלילות כדברי בן זומא וחכמים אומרים ימי חייך בעולם הזה כל ימי חייך להביא לימות המשיח אמר להם בן זומא עתידים ישראל שלא להזכיר יציאת מצרים ,ולא זכיתי שתאמר יציאת מצרים בלילות עד שדרשה בן זומא שנאמר למען תזכור את יום צאתך מארץ מצרים כל ימי חייך ימי חייך הימים כל ימי חייך הלילות וחכמים אומרים ימי חייך העולם הזה כל ימי חייך להביא לימות המשיח ,ref-m
3291,ref-mek.1.17.2.252-ref-mek.1.17.2.271,ref-m.6.7.6.10.2-ref-m.6.7.6.10.7,66901,67003,10506,10519,ref-mek.00001.00017.00002.00252,ref-mek.00001.00017.00002.00271,986222,986257,153633,153638,ref-m.00006.00007.00006.00010.00002,ref-m.00006.00007.00006.00010.00007,שטעון ברכה לפניו ולאחריו תורה מנין ר'_ישמעאל_אומר_קל_וחומר_ומה_אם מזון שהוא חיי שעה טעון ברכה לפניו ,הטעון ברכה לאחריו טעון ברכה לפניו ,ref-m
3292,ref-mek.1.17.2.252-ref-mek.1.17.2.271,ref-m.6.7.6.10.9-ref-m.6.7.6.10.15,66901,67003,10506,10519,ref-mek.00001.00017.00002.00252,ref-mek.00001.00017.00002.00271,986263,986302,153640,153646,ref-m.00006.00007.00006.00010.00009,ref-m.00006.00007.00006.00010.00015,שטעון ברכה לפניו ולאחריו תורה מנין ר'_ישמעאל_אומר_קל_וחומר_ומה_אם מזון שהוא חיי שעה טעון ברכה לפניו ,טעון ברכה לפניו ואין טעון ברכה לאחריו ,ref-m
3293,ref-mek.1.17.2.319-ref-mek.1.17.2.331,ref-m.1.1.7.3.61-ref-m.1.1.7.3.69,67230,67300,10556,10568,ref-mek.00001.00017.00002.00319,ref-mek.00001.00017.00002.00331,8038,8085,1239,1247,ref-m.00001.00001.00007.00003.00061,ref-m.00001.00001.00007.00003.00069,המברך הבו גודל לאלהינו אלו העונים אחריו ומה הן עונין אחריו ברוך ה' ,כענין שהוא מברך כך עונין אחריו ברוך ה' אלהינו ,ref-m
3294,ref-mek.1.17.2.399-ref-mek.1.17.2.429,ref-m.4.2.2.7.41-ref-m.4.2.2.7.48,67654,67813,10619,10640,ref-mek.00001.00017.00002.00399,ref-mek.00001.00017.00002.00429,462441,462488,72150,72157,ref-m.00004.00002.00002.00007.00041,ref-m.00004.00002.00002.00007.00048,יאכל חמץ לעשות את המאכיל כאוכל דברי_ר'_יאשיה_ר'_יצחק_אומר_אינו_צריך ומה אם שרצים קלים עשה בהם את המאכיל כאוכל חמץ שהוא חמור אינו דין שנעשה כזאת המאכיל ,עושה ואוכל יעשה ויאכל ודבר שאין עושה ואוכל ,ref-m
3295,ref-mek.1.18.2.30-ref-mek.1.18.2.35,ref-m.1.9.1.1.5-ref-m.1.9.1.1.10,70442,70489,11038,11043,ref-mek.00001.00018.00002.00030,ref-mek.00001.00018.00002.00035,108645,108692,16719,16724,ref-m.00001.00009.00001.00001.00005,ref-m.00001.00009.00001.00001.00010,החטים והשעורים והכסומים ושבולת שועל ושיפון ,החטים והשעורים והכוסמין ושבולת שועל ושיפון ,ref-m
3296,ref-mek.1.18.2.30-ref-mek.1.18.2.36,ref-m.2.3.2.5.9-ref-m.2.3.2.5.15,70442,70494,11038,11044,ref-mek.00001.00018.00002.00030,ref-mek.00001.00018.00002.00036,181205,181262,27819,27825,ref-m.00002.00003.00002.00005.00009,ref-m.00002.00003.00002.00005.00015,החטים והשעורים והכסומים ושבולת שועל ושיפון יצאו ,בחיטים בשעורים בכוסמין ובשיפון ובשבולת שועל ויוצאין ,ref-m
3297,ref-mek.1.18.2.30-ref-mek.1.18.2.35,ref-m.5.2.10.7.1-ref-m.5.2.10.7.6,70442,70489,11038,11043,ref-mek.00001.00018.00002.00030,ref-mek.00001.00018.00002.00035,676100,676148,105259,105264,ref-m.00005.00002.00010.00007.00001,ref-m.00005.00002.00010.00007.00006,החטים והשעורים והכסומים ושבולת שועל ושיפון ,החטים והשעורים והכוסמין ושבולת שועל והשיפון ,ref-m
3298,ref-mek.1.18.2.29-ref-mek.1.18.2.35,ref-m.1.4.1.1.3-ref-m.1.4.1.1.11,70434,70489,11037,11043,ref-mek.00001.00018.00002.00029,ref-mek.00001.00018.00002.00035,34897,34954,5428,5434,ref-m.00001.00004.00001.00001.00003,ref-m.00001.00004.00001.00001.00011,המינין החטים והשעורים והכסומים ושבולת שועל ושיפון ,אינן כלאים_זה_בזה השעורים ושבולת שועל הכוסמין והשיפון ,ref-m
3299,ref-mek.1.18.2.297-ref-mek.1.18.2.303,ref-m.6.7.6.10.4-ref-m.6.7.6.10.15,71872,71921,11224,11230,ref-mek.00001.00018.00002.00297,ref-mek.00001.00018.00002.00303,986234,986302,153635,153646,ref-m.00006.00007.00006.00010.00004,ref-m.00006.00007.00006.00010.00015,לפניו ולאחריו ואין טעונין חגיגה לפניהם ואחריהם ,לאחריו טעון ברכה לפניו ויש טעון ברכה לפניו ואין טעון ברכה לאחריו ,ref-m
3300,ref-mek.1.18.2.372-ref-mek.1.18.2.382,ref-m.2.3.1.3.4-ref-m.2.3.1.3.12,72267,72334,11284,11293,ref-mek.00001.00018.00002.00372,ref-mek.00001.00018.00002.00382,179430,179484,27553,27561,ref-m.00002.00003.00001.00003.00004,ref-m.00002.00003.00001.00003.00012,בודקין את החמץ אור לארבעה עשר ובארבעה עשר בשחרית ובשעת הביעור ,בודקין אור ארבעה עשר ובארבעה עשר שחרית ובשעת הביעור ,ref-m
3301,ref-mek.1.18.2.372-ref-mek.1.18.2.379,ref-m.2.3.1.3.16-ref-m.2.3.1.3.22,72267,72311,11284,11290,ref-mek.00001.00018.00002.00372,ref-mek.00001.00018.00002.00379,179503,179538,27563,27569,ref-m.00002.00003.00001.00003.00016,ref-m.00002.00003.00001.00003.00022,בודקין את החמץ אור לארבעה עשר ובארבעה עשר ,בדק אור ארבעה עשר יבדוק בארבעה עשר ,ref-m
3302,ref-mek.1.18.2.551-ref-mek.1.18.2.557,ref-m.2.3.10.5.63-ref-m.2.3.10.5.69,73184,73218,11441,11447,ref-mek.00001.00018.00002.00551,ref-mek.00001.00018.00002.00557,198430,198464,30564,30570,ref-m.00002.00003.00010.00005.00063,ref-m.00002.00003.00010.00005.00069,בעבור זה עשה ה' לי בצאתי ממצרים ,בעבור זה עשה ה' לי בצאתי ממצרים ,ref-m
3303,ref-mek.1.18.4.282-ref-mek.1.18.4.303,ref-m.4.10.1.4.38-ref-m.4.10.1.4.56,77183,77298,12040,12061,ref-mek.00001.00018.00004.00282,ref-mek.00001.00018.00004.00303,624107,624205,97184,97202,ref-m.00004.00010.00001.00004.00038,ref-m.00004.00010.00001.00004.00056,נאמר כאן מימים ימימה ונאמר להלן ימים תהיה גאולתו מה ימים האמור להלן לא יפחות משנים עשר חדש אף ימים האמורים כאן ,שנאמר כאן עדה ונאמר להלן עדה מה עדה האמור להלן עד שיהיו כולם ראויין להוראה אף עדה האמורה כאן ,ref-m
3304,ref-mek.1.19.2.212-ref-mek.1.19.2.235,ref-m.5.4.2.6.1-ref-m.5.4.2.6.28,79204,79335,12385,12406,ref-mek.00001.00019.00002.00212,ref-mek.00001.00019.00002.00235,707659,707811,110191,110213,ref-m.00005.00004.00002.00006.00001,ref-m.00005.00004.00002.00006.00028,רחל שלא בכרה וילדה שני זכרים ויצאו שני ראשיהם כאחת שניהם לכהן שנאמר הזכרים לה' וחכמים אומרים אי אפשר אלא אחד לו ואחד לכהן ,רחל שלא בכרה וילדה שני זכרים ויצאו שני ראשיהן כאחד רבי_יוסי_הגלילי_אומר שניהם לכהן שנאמר הזכרים לה' וחכמים אומרים אי אפשר אלא אחד לו ואחד לכהן ,ref-m
3305,ref-mek.1.19.2.213-ref-mek.1.19.2.235,ref-m.5.4.2.7.3-ref-m.5.4.2.7.21,79208,79335,12386,12406,ref-mek.00001.00019.00002.00213,ref-mek.00001.00019.00002.00235,708043,708145,110239,110255,ref-m.00005.00004.00002.00007.00003,ref-m.00005.00004.00002.00007.00021,שלא בכרה וילדה שני זכרים ויצאו שני ראשיהם כאחת שניהם לכהן שנאמר הזכרים לה' וחכמים אומרים אי אפשר אלא אחד לו ואחד לכהן ,שלא בכרו וילדו_שני_זכרים נותן שניהם לכהן זכר ונקבה הזכר לכהן שני זכרים ונקבה אחד לו ואחד לכהן ,ref-m
3306,ref-mek.1.19.3.4-ref-mek.1.19.3.18,ref-m.5.4.1.5.2-ref-m.5.4.1.5.18,79348,79434,12409,12423,ref-mek.00001.00019.00003.00004,ref-mek.00001.00019.00003.00018,705871,705969,109917,109932,ref-m.00005.00004.00001.00005.00002,ref-m.00005.00004.00001.00005.00018,תפדה בשה בשה ולא בעגל ולא בחיה ולא בשחוטה ולא בטרופה ולא בכוי ולא בכלאים ,פודים לא בעגל ולא בחיה ולא בשחוטה ולא בטריפה ולא בכלאים ולא בכוי רבי אלעזר מתיר בכלאים ,ref-m
3307,ref-mek.1.19.3.40-ref-mek.1.19.3.55,ref-m.5.4.1.2.22-ref-m.5.4.1.2.35,79538,79609,12438,12452,ref-mek.00001.00019.00003.00040,ref-mek.00001.00019.00003.00055,705123,705203,109788,109801,ref-m.00005.00004.00001.00002.00022,ref-m.00005.00004.00001.00002.00035,חמור תפדה בשה חמור אתה פודה ואי אתה פודה כל בכור בהמה טמאה דבר אחר כל ,חמור והנולד חמור ומה הם באכילה בהמה טהורה שילדה כמין בהמה טמאה מותר באכילה ,ref-m
3308,ref-mek.1.19.3.101-ref-mek.1.19.3.111,ref-m.5.4.1.7.9-ref-m.5.4.1.7.18,79841,79899,12489,12498,ref-mek.00001.00019.00003.00101,ref-mek.00001.00019.00003.00111,706412,706468,109992,110000,ref-m.00005.00004.00001.00007.00009,ref-m.00005.00004.00001.00007.00018,אם לא תפדה וערפתו מכאן אמרו מצות פדייה קודמת למצות עריפה ,פדיה קודמת למצות עריפה שנאמר ואם לא תפדה וערפתו מצות ,ref-m
3309,ref-mek.1.19.4.103-ref-mek.1.19.4.111,ref-m.2.3.10.5.62-ref-m.2.3.10.5.69,82137,82181,12877,12885,ref-mek.00001.00019.00004.00103,ref-mek.00001.00019.00004.00111,198425,198464,30563,30570,ref-m.00002.00003.00010.00005.00062,ref-m.00002.00003.00010.00005.00069,ואמור לו בעבור זה עשה ה' לי בצאתי ממצרים ,לאמר בעבור זה עשה ה' לי בצאתי ממצרים ,ref-m
3310,ref-mek.2.1.1.13-ref-mek.2.1.1.28,ref-m.5.3.12.3.77-ref-m.5.3.12.3.90,83019,83098,13035,13049,ref-mek.00002.00001.00001.00013,ref-mek.00002.00001.00001.00028,704356,704425,109662,109673,ref-m.00005.00003.00012.00003.00077,ref-m.00005.00003.00012.00003.00090,לשלחם וישלחם יצחק הפה שאמר גם את ישראל לא אשלח הוא שאמר אנכי אשלח אתכם ואת ,שלח תשלח אמר הריני נוטל את האם ומשלח את הבנים חייב לשלח שנאמר שלח ,ref-m
3311,ref-mek.2.1.1.72-ref-mek.2.1.1.82,ref-m.6.11.4.8.40-ref-m.6.11.4.8.55,83296,83348,13087,13097,ref-mek.00002.00001.00001.00072,ref-mek.00002.00001.00001.00082,1028771,1028852,160195,160209,ref-m.00006.00011.00004.00008.00040,ref-m.00006.00011.00004.00008.00055,שאמר מי ה' אשר אשמע בקולו הוא הפה שאמר ה' הצדיק ,שנאמר ויאמר פרעה מי ה' אשר אשמע בקולו לשלח את ישראל וכשלקה מהו אומר ה' הצדיק ,ref-m
3312,ref-mek.1.19.7.156-ref-mek.1.19.7.161,ref-m.3.5.1.7.1-ref-m.3.5.1.7.6,87071,87103,13682,13687,ref-mek.00001.00019.00007.00156,ref-mek.00001.00019.00007.00161,386282,386311,60100,60105,ref-m.00003.00005.00001.00007.00001,ref-m.00003.00005.00001.00007.00006,שבמידה שהאדם מודד בה מודדים לו ,במדה שאדם מודד בה מודדין לו ,ref-m
3313,ref-mek.1.19.7.162-ref-mek.1.19.7.174,ref-m.3.5.1.9.4-ref-m.3.5.1.9.15,87104,87177,13688,13699,ref-mek.00001.00019.00007.00162,ref-mek.00001.00019.00007.00174,386901,386969,60205,60215,ref-m.00003.00005.00001.00009.00004,ref-m.00003.00005.00001.00009.00015,מרים המתינה למשה שעה אחת שנאמר ותתצב אחותו מרחוק לדעה והמקום עכב לה ,מרים המתינה למשה שעה אחת שנאמר ותתצב אחותו מרחוק לפיכך נתעכבו לה ,ref-m
3314,ref-mek.1.19.7.187-ref-mek.1.19.7.252,ref-m.3.5.1.9.20-ref-m.3.5.1.9.83,87254,87587,13712,13772,ref-mek.00001.00019.00007.00187,ref-mek.00001.00019.00007.00252,386993,387316,60220,60278,ref-m.00003.00005.00001.00009.00020,ref-m.00003.00005.00001.00009.00083,שנאמר והעם לא נסע עד האסף מרים יוסף זכה לקבור את אביו שאין באחיו גדול ממנו שנאמר ויעל יוסף לקבור את אביו כתיב ויעל עמו גם רכב גם פרשים מי לנו גדול כיוסף שלא נתעסק בו אלא משה משה נתעסק בעצמות יוסף שאין בישראל גדול ממנו שנאמר ויקח משה את עצמות יוסף עמו מי לנו גדול כמשה שלא נתעסק בו אלא שכינה שנאמר ויקבור אותו בגיא ,שנאמר והעם לא נסע עד האסף מרים יוסף זכה לקבור את אביו ואין באחיו גדול ממנו שנאמר ויעל יוסף לקבור את אביו ויעל עמו גם רכב גם פרשים מי לנו גדול מיוסף שלא נתעסק בו אלא משה משה זכה בעצמות יוסף ואין בישראל גדול ממנו שנאמר ויקח משה את עצמות יוסף עמו מי גדול ממשה שלא נתעסק בו אלא המקום שנאמר ויקבור אותו בגיא ,ref-m
3315,ref-mek.1.19.7.286-ref-mek.1.19.7.298,ref-m.3.2.1.9.1-ref-m.3.2.1.9.7,87766,87835,13802,13814,ref-mek.00001.00019.00007.00286,ref-mek.00001.00019.00007.00298,319667,319699,49525,49531,ref-m.00003.00002.00001.00009.00001,ref-m.00003.00002.00001.00009.00007,והיו עוברים ושבים אומרים מה טיבן של שני ארונות הללו והם אומרים להם ,היתה מעוברת ואמרו לה מה טיבו של ,ref-m
3316,ref-mek.1.19.7.513-ref-mek.1.19.7.523,ref-m.3.2.13.1.26-ref-m.3.2.13.1.37,88909,88958,14006,14014,ref-mek.00001.00019.00007.00513,ref-mek.00001.00019.00007.00523,343043,343109,53134,53145,ref-m.00003.00002.00013.00001.00026,ref-m.00003.00002.00013.00001.00037,השביע את אחיו ולא השביע את בניו אמר אם אני משביע ,תשבע בסוף ולא תשבע בתחלה נחלקו עליו בני כהנים גדולים ואמרו תשבע ,ref-m
3317,ref-mek.1.19.7.530-ref-mek.1.19.7.542,ref-m.1.11.1.4.31-ref-m.1.11.1.4.45,88990,89051,14020,14031,ref-mek.00001.00019.00007.00530,ref-mek.00001.00019.00007.00542,122117,122206,18772,18785,ref-m.00001.00011.00001.00004.00031,ref-m.00001.00011.00001.00004.00045,ואם אומר אבינו העלה את אביו מיד הם אומרים להם אביכם מלך היה ,אבות ישראל וכשהוא בבית הכנסת אומר אלהי אבותיכם ואם היתה אמו מישראל אומר אלהי אבותינו ,ref-m
3318,ref-mek.1.19.7.564-ref-mek.1.19.7.576,ref-m.2.5.1.5.14-ref-m.2.5.1.5.34,89155,89231,14049,14061,ref-mek.00001.00019.00007.00564,ref-mek.00001.00019.00007.00576,213784,213889,32993,33009,ref-m.00002.00005.00001.00005.00014,ref-m.00002.00005.00001.00005.00034,השביעני משביע אני עליכם ממקום שגנבתוני שם תחזירוני וכן עשו לו שנאמר ואת ,להם ואמרו לו אישי_כהן_גדול אנו שלוחי בית דין ואתה שלוחנו ושליח בית דין משביעין אנו עליך במי ששכן שמו ,ref-m
3319,ref-mek.1.19.9.88-ref-mek.1.19.9.106,ref-m.1.1.1.4.4-ref-m.1.1.1.4.14,90440,90552,14262,14278,ref-mek.00001.00019.00009.00088,ref-mek.00001.00019.00009.00106,1075,1143,161,171,ref-m.00001.00001.00001.00004.00004,ref-m.00001.00001.00001.00004.00014,שנים מלמעלה ושנים מלמטה ואחד שהיה מהלך לפניהם ר'_יאשיה_אומר ארבעה אחד לפניהם ואחד לאחריהם אחד למעלה ואחד ,לפניה ואחת לאחריה ובערב שתים לפניה ושתים לאחריה אחת ארוכה ואחת ,ref-m
3320,ref-mek.1.19.9.116-ref-mek.1.19.9.121,ref-m.3.5.1.7.1-ref-m.3.5.1.7.6,90597,90627,14286,14291,ref-mek.00001.00019.00009.00116,ref-mek.00001.00019.00009.00121,386282,386311,60100,60105,ref-m.00003.00005.00001.00007.00001,ref-m.00003.00005.00001.00007.00006,שבמדה שאדם מודד בה מודדין לו ,במדה שאדם מודד בה מודדין לו ,ref-m
3321,ref-mek.2.2.5.183-ref-mek.2.2.5.194,ref-m.4.4.2.4.18-ref-m.4.4.2.4.31,100362,100426,15914,15925,ref-mek.00002.00002.00005.00183,ref-mek.00002.00002.00005.00194,512086,512161,80018,80029,ref-m.00004.00004.00002.00004.00018,ref-m.00004.00004.00002.00004.00031,דרך בני מלכים כל העם בוזזין ונותנין לפניו והוא נוטל חלק בראש ,דרך המלך אין לו שיעור וכל העם בוזזין ונותנין לפניו והוא נוטל חלק בראש ,ref-m
3322,ref-mek.2.3.2.283-ref-mek.2.3.2.299,ref-m.1.2.8.9.43-ref-m.1.2.8.9.51,104363,104448,16590,16606,ref-mek.00002.00003.00002.00283,ref-mek.00002.00003.00002.00299,24486,24529,3752,3760,ref-m.00001.00002.00008.00009.00043,ref-m.00001.00002.00008.00009.00051,אמר ארור הגבר אשר יבטח באדם ובתפלה מהו אומר ברוך הגבר אשר יבטח ביי והיה ה' מבטחו ,אומר ברוך הגבר אשר יבטח בה' והיה ה' מבטחו ,ref-m
3323,ref-mek.2.3.2.360-ref-mek.2.3.2.365,ref-m.1.1.9.5.126-ref-m.1.1.9.5.132,104776,104802,16664,16669,ref-mek.00002.00003.00002.00360,ref-mek.00002.00003.00002.00365,11426,11460,1752,1758,ref-m.00001.00001.00009.00005.00126,ref-m.00001.00001.00009.00005.00132,ה' אלהיו ויאמר ה' אין עמך ,עמכם ויאמרו לו יברכך ה' ואומר ה' ,ref-m
3324,ref-mek.2.3.2.519-ref-mek.2.3.2.537,ref-m.3.1.4.13.62-ref-m.3.1.4.13.73,105604,105718,16814,16832,ref-mek.00002.00003.00002.00519,ref-mek.00002.00003.00002.00537,292235,292304,45235,45246,ref-m.00003.00001.00004.00013.00062,ref-m.00003.00001.00004.00013.00073,מיתת אחינו באפלה קשה לנו משעבודנו במצרים היינו מצטערים על מיתת אחינו באפילה מיתתנו במדבר קשה לנו ממיתת אחינו ,ומתה מותר באחותה יבמתו שמתה מותר באחותה חלץ לה ומתה מותר באחותה ,ref-m
3325,ref-mek.2.4.1.273-ref-mek.2.4.1.284,ref-m.3.3.3.11.191-ref-m.3.3.4.1.1,110592,110648,17620,17630,ref-mek.00002.00004.00001.00273,ref-mek.00002.00004.00001.00284,351069,351121,54413,54422,ref-m.00003.00003.00003.00011.00191,ref-m.00003.00003.00004.00001.00001,אם לא בריתי יומם ולילה חוקות שמים וארץ לא שמתי אמרת אי ,אם לא בריתי יומם ולילה חוקות שמים וארץ לא שמתי אין ,ref-m
3326,ref-mek.2.6.3.316-ref-mek.2.6.3.324,ref-m.1.8.5.13.16-ref-m.1.8.5.13.24,124423,124466,19947,19952,ref-mek.00002.00006.00003.00316,ref-mek.00002.00006.00003.00324,108141,108184,16640,16645,ref-m.00001.00008.00005.00013.00016,ref-m.00001.00008.00005.00013.00024,ממעון קדשך מן השמים וברך את עמך את ישראל ,ממעון קדשך מן השמים וברך את עמך את ישראל ,ref-m
3327,ref-mek.2.6.4.26-ref-mek.2.6.4.32,ref-m.4.9.6.9.52-ref-m.4.9.6.9.64,125005,125046,20042,20048,ref-mek.00002.00006.00004.00026,ref-mek.00002.00006.00004.00032,621436,621500,96725,96737,ref-m.00004.00009.00006.00009.00052,ref-m.00004.00009.00006.00009.00064,כלי כסף וכלי זהב ואבנים טובות ומרגליות ,ומרגליות אמרתי לו בני אם אתה נותן לי כל כסף וזהב ואבנים טובות ,ref-m
3328,ref-mek.3.1.1.496-ref-mek.3.1.1.501,ref-m.4.9.5.18.29-ref-m.4.9.5.18.34,136272,136301,21950,21955,ref-mek.00003.00001.00001.00496,ref-mek.00003.00001.00001.00501,616317,616346,95873,95878,ref-m.00004.00009.00005.00018.00029,ref-m.00004.00009.00005.00018.00034,צדקת ה' עשה ומשפטיו עם ישראל ,צדקת ה' עשה ומשפטיו עם ישראל ,ref-m
3329,ref-mek.3.1.1.560-ref-mek.3.1.1.576,ref-m.6.3.12.5.121-ref-m.6.3.12.5.130,136614,136693,22007,22021,ref-mek.00003.00001.00001.00560,ref-mek.00003.00001.00001.00576,912672,912708,142113,142121,ref-m.00006.00003.00012.00005.00121,ref-m.00006.00003.00012.00005.00130,על אבדן של רשעים אם על מיתתן של רשעים לא היתה שמחה במרום קל וחומר על הצדיקים ,אם כך על של רשע קל וחומר על של צדיק ,ref-m
3330,ref-mek.3.1.1.701-ref-mek.3.1.1.730,ref-m.3.5.5.4.27-ref-m.3.5.5.4.47,137358,137518,22140,22163,ref-mek.00003.00001.00001.00701,ref-mek.00003.00001.00001.00730,393379,393482,61273,61288,ref-m.00003.00005.00005.00004.00027,ref-m.00003.00005.00005.00004.00047,אומרים כבני אדם הקוראים את שמע ר'_עקיבא_אומר כבני אדם הקורין את ההלל ר'_אליעזר_בן תדאי אומר משה היה פותח בדבריו תחילה וישראל עונים אחריו וגומרין עמו משה ,ישראל עונין אחריו של משה על כל דבר ודבר כקוראין את ההלל לכך נאמר לאמר רבי_נחמיה_אומר כקורין את שמע ,ref-m
3331,ref-mek.3.1.1.849-ref-mek.3.1.1.863,ref-m.1.1.9.5.122-ref-m.1.1.9.5.137,138132,138216,22262,22276,ref-mek.00003.00001.00001.00849,ref-mek.00003.00001.00001.00863,11403,11485,1748,1763,ref-m.00001.00001.00009.00005.00122,ref-m.00001.00001.00009.00005.00137,גבור שנאמר האל הגדול הגבור והנורא ואומר ה' עזוז וגבור ה' גבור מלחמה ואומר ה' ,לחם ויאמר לקוצרים ה' עמכם ויאמרו לו יברכך ה' ואומר ה' עמך גבור החיל ואומר אל ,ref-m
3332,ref-mek.3.1.1.855-ref-mek.3.1.1.859,ref-m.6.12.3.12.40-ref-m.6.12.3.12.45,138171,138195,22268,22272,ref-mek.00003.00001.00001.00855,ref-mek.00003.00001.00001.00859,1034619,1034645,161076,161081,ref-m.00006.00012.00003.00012.00040,ref-m.00006.00012.00003.00012.00045,ואומר ה' עזוז וגבור ה' ,שנאמר ה' עוז לעמו יתן ה' ,ref-m
3333,ref-mek.3.1.1.988-ref-mek.3.1.1.1002,ref-m.1.1.7.3.33-ref-m.1.1.7.3.41,138866,138957,22395,22407,ref-mek.00003.00001.00001.00988,ref-mek.00003.00001.00001.01002,7877,7925,1211,1219,ref-m.00001.00001.00007.00003.00033,ref-m.00001.00001.00007.00003.00041,ואומר לה' אלהינו הרחמים והסליחות אשירה_לה'_שהוא דיין שנאמר כי המשפט לאלהים הוא ואומר ,אומר נברך לה' אלהינו אלהי ישראל באלף והוא אומר ,ref-m
3334,ref-mek.3.3.1.6-ref-mek.3.3.1.12,ref-m.6.12.3.12.38-ref-m.6.12.3.12.44,145975,146006,23600,23606,ref-mek.00003.00003.00001.00006,ref-mek.00003.00003.00001.00012,1034608,1034642,161074,161080,ref-m.00006.00012.00003.00012.00038,ref-m.00006.00012.00003.00012.00044,אלא תורה שנאמר ה' עז לעמו יתן ,אלא השלום שנאמר ה' עוז לעמו יתן ,ref-m
3335,ref-mek.3.3.1.37-ref-mek.3.3.1.44,ref-m.6.12.3.12.38-ref-m.6.12.3.12.45,146126,146166,23629,23636,ref-mek.00003.00003.00001.00037,ref-mek.00003.00003.00001.00044,1034608,1034645,161074,161081,ref-m.00006.00012.00003.00012.00038,ref-m.00006.00012.00003.00012.00045,אלא תקפי שנאמר ה' עוזי ומעוזי ואמר ה' ,אלא השלום שנאמר ה' עוז לעמו יתן ה' ,ref-m
3336,ref-mek.3.4.1.290-ref-mek.3.4.1.303,ref-m.4.9.5.21.28-ref-m.4.9.5.21.39,151203,151274,24471,24483,ref-mek.00003.00004.00001.00290,ref-mek.00003.00004.00001.00303,617294,617353,96032,96043,ref-m.00004.00009.00005.00021.00028,ref-m.00004.00009.00005.00021.00039,וכוחו עליו בן ארבעים שנה ואינו דומה לבן ששים ולא בן ששים לבן שבעים ,לכח בן ארבעים לבינה בן חמשים לעצה בן ששים לזקנה בן שבעים ,ref-m
3337,ref-mek.3.4.2.4-ref-mek.3.4.2.10,ref-m.3.5.1.7.1-ref-m.3.5.1.7.7,153031,153063,24770,24776,ref-mek.00003.00004.00002.00004,ref-mek.00003.00004.00002.00010,386282,386315,60100,60106,ref-m.00003.00005.00001.00007.00001,ref-m.00003.00005.00001.00007.00007,במדה שאדם מודד בה מודדין לו הם ,במדה שאדם מודד בה מודדין לו היא ,ref-m
3338,ref-mek.3.4.2.11-ref-mek.3.4.2.16,ref-m.6.11.4.8.40-ref-m.6.11.4.8.47,153064,153090,24777,24782,ref-mek.00003.00004.00002.00011,ref-mek.00003.00004.00002.00016,1028771,1028811,160195,160202,ref-m.00006.00011.00004.00008.00040,ref-m.00006.00011.00004.00008.00047,אמרו מי ה' אשר אשמע בקולו ,שנאמר ויאמר פרעה מי ה' אשר אשמע בקולו ,ref-m
3339,ref-mek.3.4.2.52-ref-mek.3.4.2.58,ref-m.3.5.1.7.1-ref-m.3.5.1.7.7,153274,153306,24813,24819,ref-mek.00003.00004.00002.00052,ref-mek.00003.00004.00002.00058,386282,386315,60100,60106,ref-m.00003.00005.00001.00007.00001,ref-m.00003.00005.00001.00007.00007,במדה שאדם מודד בה מודדין לו הן ,במדה שאדם מודד בה מודדין לו היא ,ref-m
3340,ref-mek.3.5.1.168-ref-mek.3.5.1.174,ref-m.3.5.1.7.1-ref-m.3.5.1.7.7,154656,154688,25051,25057,ref-mek.00003.00005.00001.00168,ref-mek.00003.00005.00001.00174,386282,386315,60100,60106,ref-m.00003.00005.00001.00007.00001,ref-m.00003.00005.00001.00007.00007,במדה שאדם מודד בה מודדין לו הן ,במדה שאדם מודד בה מודדין לו היא ,ref-m
3341,ref-mek.3.6.2.228-ref-mek.3.6.2.244,ref-m.3.5.1.8.41-ref-m.3.5.1.8.57,161820,161905,26291,26305,ref-mek.00003.00006.00002.00228,ref-mek.00003.00006.00002.00244,386718,386805,60174,60188,ref-m.00003.00005.00001.00008.00041,ref-m.00003.00005.00001.00008.00057,וגנב שלש גנבות לב אביו ולב בית דין ולב ישראל שנאמר ויגנב אבשלום את לב אנשי ישראל ,שגנב שלשה לבבות לב אביו ולב בית דין ולב ישראל שנאמר ויגנוב אבשלום את לב אנשי ישראל ,ref-m
3342,ref-mek.3.7.1.178-ref-mek.3.7.1.185,ref-m.4.9.6.9.53-ref-m.4.9.6.9.65,163232,163278,26517,26524,ref-mek.00003.00007.00001.00178,ref-mek.00003.00007.00001.00185,621446,621510,96726,96738,ref-m.00004.00009.00006.00009.00053,ref-m.00004.00009.00006.00009.00065,כסף וזהב ומחלק להם אבנים טובות ומרגליות אמר ,אמרתי לו בני אם אתה נותן לי כל כסף וזהב ואבנים טובות ומרגליות ,ref-m
3343,ref-mek.3.7.1.291-ref-mek.3.7.1.333,ref-m.3.1.15.5.4-ref-m.3.1.15.5.16,163841,164086,26617,26659,ref-mek.00003.00007.00001.00291,ref-mek.00003.00007.00001.00333,313793,313859,48634,48646,ref-m.00003.00001.00015.00005.00004,ref-m.00003.00001.00015.00005.00016,אחת אומרת ניטול ממונם ולא נהרגם ואחת אומרת נהרגם ולא ניטול ממונם ואחת אומרת נהרגם וניטול ממונם זו שאומרת ביטול ממונם ולא נהרגם אחלק שלל זו שאומרת נהרגם ולא ניטול ממונם תמלאמו נפשי זו שאומרת נהרגם ולא ניטול ממונם תמלאמו נפשי זו שאומרת ,ואחת אומרת לא מת זו שאומרת מת תנשא ותטול כתובתה וזו שאומרת לא ,ref-m
3344,ref-mek.3.8.1.429-ref-mek.3.8.1.434,ref-m.4.2.5.10.8-ref-m.4.2.5.10.21,167406,167436,27223,27228,ref-mek.00003.00008.00001.00429,ref-mek.00003.00008.00001.00434,472482,472552,73764,73775,ref-m.00004.00002.00005.00010.00008,ref-m.00004.00002.00005.00010.00021,עמו וזורע עמו ומנכש עמו מעדר ,עדור עמי ואעדור עמך ולא_יאמר_לו נכוש עמי ואעדור עמך עדור עמי ואנכש ,ref-m
3345,ref-mek.3.8.1.667-ref-mek.3.8.1.674,ref-m.4.9.6.10.61-ref-m.4.9.6.10.68,168633,168669,27431,27437,ref-mek.00003.00008.00001.00667,ref-mek.00003.00008.00001.00674,622224,622263,96867,96874,ref-m.00004.00009.00006.00010.00061,ref-m.00004.00009.00006.00010.00068,ואומר רבות עשית אתה ה' דבר אחר עושה ,ואומר מה רבו מעשיך ה' כולם בחכמה עשית ,ref-m
3346,ref-mek.3.9.2.10-ref-mek.3.9.2.21,ref-m.6.12.3.12.38-ref-m.6.12.3.12.49,170590,170644,27776,27786,ref-mek.00003.00009.00002.00010,ref-mek.00003.00009.00002.00021,1034608,1034664,161074,161084,ref-m.00006.00012.00003.00012.00038,ref-m.00006.00012.00003.00012.00049,אלא תורה שנאמר ה' עוז לעמו יתן ה' יברך את עמו בשלום ,אלא השלום שנאמר ה' עוז לעמו יתן ה' יברך את עמו בשלום ,ref-m
3347,ref-mek.3.9.5.137-ref-mek.3.9.5.145,ref-m.4.9.6.10.91-ref-m.4.9.6.10.99,173330,173365,28237,28245,ref-mek.00003.00009.00005.00137,ref-mek.00003.00009.00005.00145,622387,622422,96896,96904,ref-m.00004.00009.00006.00010.00091,ref-m.00004.00009.00006.00010.00099,עד יעבור עמך ה' עד יעבור עם זו קנית ,עד יעבור עמך ה' עד יעבור עם זו קנית ,ref-m
3348,ref-mek.3.9.5.162-ref-mek.3.9.5.203,ref-m.4.9.6.10.11-ref-m.4.9.6.10.35,173442,173677,28262,28302,ref-mek.00003.00009.00005.00162,ref-mek.00003.00009.00005.00203,621975,622097,96818,96841,ref-m.00004.00009.00006.00010.00011,ref-m.00004.00009.00006.00010.00035,קנין ישראל נקראו קנין שנאמר עם זו קנית שמים וארץ נקראו קנין שנאמר קונה שמים וארץ בית המקדש נקרא קנין שנאמר הר זה קנתה ימינו התורה נקראת קנין שנאמר ה' קנני ראשית דרכו יבואו ישראל שנקראו קנין לארץ שנקראת קנין ויבנו בית המקדש ,קנין אחד שמים וארץ קנין אחד אברהם קנין אחד ישראל קנין אחד בית המקדש קנין אחד תורה קנין אחד מנין דכתיב ה' קנני ראשית דרכו ,ref-m
3349,ref-mek.3.9.5.167-ref-mek.3.9.5.182,ref-m.4.9.6.10.97-ref-m.4.9.6.10.114,173471,173554,28267,28281,ref-mek.00003.00009.00005.00167,ref-mek.00003.00009.00005.00182,622412,622503,96902,96918,ref-m.00004.00009.00006.00010.00097,ref-m.00004.00009.00006.00010.00114,עם זו קנית שמים וארץ נקראו קנין שנאמר קונה שמים וארץ בית המקדש נקרא קנין שנאמר ,עם זו קנית ואומר לקדושים אשר בארץ המה ואדירי כל חפצי בם בית המקדש קנין אחד מנין שנאמר ,ref-m
3350,ref-mek.3.10.1.105-ref-mek.3.10.1.113,ref-m.1.11.1.4.8-ref-m.1.11.1.4.17,174320,174364,28409,28417,ref-mek.00003.00010.00001.00105,ref-mek.00003.00010.00001.00113,121992,122043,18750,18758,ref-m.00001.00011.00001.00004.00008,ref-m.00001.00011.00001.00004.00017,נקראת נחלה שנאמר בארץ אשר ה' אלהיך נותן לך ,קורא שאינו יכול לומר אשר נשבע ה' לאבותינו לתת לנו ,ref-m
3351,ref-mek.3.10.1.242-ref-mek.3.10.1.247,ref-m.1.1.9.5.127-ref-m.1.1.9.5.132,175060,175089,28535,28540,ref-mek.00003.00010.00001.00242,ref-mek.00003.00010.00001.00247,11431,11460,1753,1758,ref-m.00001.00001.00009.00005.00127,ref-m.00001.00001.00009.00005.00132,שנאמר ה' ממרום ישאג מקדש ה' ,ויאמרו לו יברכך ה' ואומר ה' ,ref-m
3352,ref-mek.3.10.2.5-ref-mek.3.10.2.30,ref-m.4.9.6.11.21-ref-m.4.9.6.11.25,175508,175633,28615,28636,ref-mek.00003.00010.00002.00005,ref-mek.00003.00010.00002.00030,622684,622710,96949,96953,ref-m.00004.00009.00006.00011.00021,ref-m.00004.00009.00006.00011.00025,ה' ימלוך לעולם ועד ר'_יוסי_הגלילי_אומר אילו אמרו ישראל על הים ה' מלך לעולם ועד לא היה אומה ולשון שולטת בהן לעולם אלא אמרו ,ואומר ה' ימלוך לעולם ועד ,ref-m
3353,ref-mek.4.1.1.572-ref-mek.4.1.1.582,ref-m.2.10.3.6.17-ref-m.2.10.3.6.28,180188,180257,29409,29419,ref-mek.00004.00001.00001.00572,ref-mek.00004.00001.00001.00582,271641,271712,42026,42036,ref-m.00002.00010.00003.00006.00017,ref-m.00002.00010.00003.00006.00028,קורין בתורה בשבת בשני ובחמישי הא כיצד קורין בשבת ומפסיקים באחד ,מפסיקין בקללות אלא אחד קורא את כולן בשני ובחמישי ובשבת במנחה קורין ,ref-m
3354,ref-mek.4.1.5.61-ref-mek.4.1.5.68,ref-m.4.4.10.1.48-ref-m.4.4.10.1.55,183221,183260,29909,29916,ref-mek.00004.00001.00005.00061,ref-mek.00004.00001.00005.00068,531391,531430,83057,83064,ref-m.00004.00004.00010.00001.00048,ref-m.00004.00004.00010.00001.00055,כל המחלה אשר שמתי במצרים לא אשים עליך ,כל המחלה אשר שמתי במצרים לא אשים עליך ,ref-m
3355,ref-mek.4.1.5.129-ref-mek.4.1.5.133,ref-m.4.9.3.10.7-ref-m.4.9.3.10.16,183573,183604,29967,29971,ref-mek.00004.00001.00005.00129,ref-mek.00004.00001.00005.00133,606848,606903,94310,94319,ref-m.00004.00009.00003.00010.00007,ref-m.00004.00009.00003.00010.00016,באמונה רוח הבריות נוחה הימינו ,נוחה הימנו רוח המקום נוחה הימנו וכל שאין רוח הבריות ,ref-m
3356,ref-mek.4.1.5.183-ref-mek.4.1.5.193,ref-m.4.9.6.7.11-ref-m.4.9.6.7.24,183856,183925,30012,30022,ref-mek.00004.00001.00005.00183,ref-mek.00004.00001.00005.00193,620413,620496,96553,96566,ref-m.00004.00009.00006.00007.00011,ref-m.00004.00009.00006.00007.00024,שנאמר כי חיים הם למוצאיהם ואומר רפאות תהי לשריך ושיקוי לעצמותיך ,שנאמר כי חיים הם למוצאיהם ולכל בשרו מרפא ואומר רפאות תהי לשרך ושקוי לעצמותיך ,ref-m
3357,ref-mek.4.1.5.295-ref-mek.4.1.5.300,ref-m.4.6.7.3.11-ref-m.4.6.7.3.19,184433,184464,30108,30113,ref-mek.00004.00001.00005.00295,ref-mek.00004.00001.00005.00300,561419,561460,87596,87601,ref-m.00004.00006.00007.00003.00011,ref-m.00004.00006.00007.00003.00019,חבולה אחת סוף שחבלין בך חבולות ,חבול ואמר לו חבלת בי והוא_אומר_לא חבלתי ,ref-m
3358,ref-mek.4.5.6.77-ref-mek.4.5.6.104,ref-m.4.2.1.1.4-ref-m.4.2.1.1.11,195858,195996,31984,32007,ref-mek.00004.00005.00006.00077,ref-mek.00004.00005.00006.00104,459039,459078,71598,71605,ref-m.00004.00002.00001.00001.00004,ref-m.00004.00002.00001.00001.00011,הזה אי אתם מוצאים אותו אבל אתם מוצאים אותו מחר ר'_אלעזר_בן חסמא אומר בעולם הזה אי אתם מוצאים אותו אבל לעולם הבא אתם מוצאים אותו ויאמר ,זה אומר אני מצאתיה וזה אומר אני מצאתיה ,ref-m
3359,ref-mek.4.7.5.149-ref-mek.4.7.5.156,ref-m.4.9.5.4.7-ref-m.4.9.5.4.18,203149,203191,33208,33215,ref-mek.00004.00007.00005.00149,ref-mek.00004.00007.00005.00156,613132,613196,95331,95340,ref-m.00004.00009.00005.00004.00007,ref-m.00004.00009.00005.00004.00018,עשר מכות על המצרים במצרים ועשרה על הים ,על הים עשר מכות הביא הקדוש_ברוך_הוא על המצריים במצרים ועשרה ,ref-m
3360,ref-mek.5.1.4.1-ref-mek.5.1.4.26,ref-m.2.8.3.8.1-ref-m.2.8.3.8.25,208355,208486,34079,34103,ref-mek.00005.00001.00004.00001,ref-mek.00005.00001.00004.00026,254234,254360,39378,39401,ref-m.00002.00008.00003.00008.00001,ref-m.00002.00008.00003.00008.00025,והיה כאשר ירים משה ידו וגבר וכי ידיו של משה מגברות ישראל או ידיו שוברות עמלק אלא כל זמן שמגביה ידו כלפי מעלה היו ישראל מסתכלין ,והיה כאשר ירים משה ידו וגבר ישראל וגומר וכי ידיו של משה עושות מלחמה או שוברות מלחמה אלא לומר לך כל זמן שהיו ישראל מסתכלים ,ref-m
3361,ref-mek.5.2.1.83-ref-mek.5.2.1.88,ref-m.3.5.1.7.1-ref-m.3.5.1.7.6,211106,211135,34537,34542,ref-mek.00005.00002.00001.00083,ref-mek.00005.00002.00001.00088,386282,386311,60100,60105,ref-m.00003.00005.00001.00007.00001,ref-m.00003.00005.00001.00007.00006,במדה שאדם מודד בה מודדין לו ,במדה שאדם מודד בה מודדין לו ,ref-m
3362,ref-mek.5.2.3.129-ref-mek.5.2.3.142,ref-m.4.9.4.17.13-ref-m.4.9.4.18.6,218248,218319,35719,35727,ref-mek.00005.00002.00003.00129,ref-mek.00005.00002.00003.00142,611352,611453,95041,95053,ref-m.00004.00009.00004.00017.00013,ref-m.00004.00009.00004.00018.00006,חיי העולם הזה דור אלו חיי העולם הבא ר'_אליעזר_המודעי_אומר מדורו של ,חיי העולם הבא ויפה שעה אחת של קורת רוח בעולם הבא מכל חיי העולם הזה רבי_שמעון_בן_אלעזר_אומר אל ,ref-m
3363,ref-mek.5.3.1.56-ref-mek.5.3.1.66,ref-m.4.9.6.11.20-ref-m.4.9.6.11.24,218754,218813,35801,35811,ref-mek.00005.00003.00001.00056,ref-mek.00005.00003.00001.00066,622677,622705,96948,96952,ref-m.00004.00009.00006.00011.00020,ref-m.00004.00009.00006.00011.00024,כשעשה לדור המבול שנאמר ה' למבול ישב וישב ה' מלך לעולם ,עשיתיו ואומר ה' ימלוך לעולם ,ref-m
3364,ref-mek.5.3.1.126-ref-mek.5.3.1.130,ref-m.6.12.3.12.40-ref-m.6.12.3.12.44,219089,219112,35862,35866,ref-mek.00005.00003.00001.00126,ref-mek.00005.00003.00001.00130,1034619,1034642,161076,161080,ref-m.00006.00012.00003.00012.00040,ref-m.00006.00012.00003.00012.00044,שנאמר ה' עוז לעמו יתן ,שנאמר ה' עוז לעמו יתן ,ref-m
3365,ref-mek.5.3.1.139-ref-mek.5.3.1.146,ref-m.6.12.3.12.40-ref-m.6.12.3.12.49,219156,219191,35875,35880,ref-mek.00005.00003.00001.00139,ref-mek.00005.00003.00001.00146,1034619,1034664,161076,161084,ref-m.00006.00012.00003.00012.00040,ref-m.00006.00012.00003.00012.00049,ואמרו אחר כך ה' יברך את עמו בשלום ,שנאמר ה' עוז לעמו יתן ה' יברך את עמו בשלום ,ref-m
3366,ref-mek.5.3.2.18-ref-mek.5.3.2.27,ref-m.4.10.1.4.38-ref-m.4.10.1.4.47,221368,221419,36250,36259,ref-mek.00005.00003.00002.00018,ref-mek.00005.00003.00002.00027,624107,624156,97184,97193,ref-m.00004.00010.00001.00004.00038,ref-m.00004.00010.00001.00004.00047,נאמר כאן שלוח ונאמר להלן שילוח מה שלוח האמור להלן ,שנאמר כאן עדה ונאמר להלן עדה מה עדה האמור להלן ,ref-m
3367,ref-mek.5.3.3.119-ref-mek.5.3.3.183,ref-m.3.3.3.11.103-ref-m.3.3.3.11.159,222615,222952,36459,36509,ref-mek.00005.00003.00003.00119,ref-mek.00005.00003.00003.00183,350613,350914,54342,54386,ref-m.00003.00003.00003.00011.00103,ref-m.00003.00003.00003.00011.00159,מאוסה ערלה שנתגנו בה רשעים שנאמר כי כל הגוים ערלים וכל בית ישראל ערלי לב ר'_ישמעאל_אומר גדולה מילה ששלש עשרה בריתות נכרתו עליה ר'_יוסי_הגלילי_אומר גדולה מילה שדוחה_את_השבת החמורה שחייבין עליה כרת ר' יהושע בן קרחא אומר גדולה מילה שלא נתלה זכות למשה עליה מלא שעה ר'_נחמיה_אומר גדולה מילה שדוחה את הנגעים ר' אומר גדולה מילה שכל ,מאוסה ערלה שנתגנו בה הרשעים שנאמר כי כל הגוים ערלים רבי_ישמעאל_אומר גדולה מילה שנכרתו עליה שלש עשרה בריתות רבי_יוסי_אומר גדולה מילה שדוחה_את_השבת החמורה רבי_יהושע_בן קרחה אומר גדולה מילה שלא נתלה לו למשה הצדיק עליה מלא שעה רבי_נחמיה_אומר גדולה מילה שדוחה את הנגעים רבי אומר גדולה מילה שכל ,ref-m
3368,ref-mek.5.3.3.124-ref-mek.5.3.3.133,ref-m.3.3.3.11.74-ref-m.3.3.3.11.83,222643,222691,36464,36471,ref-mek.00005.00003.00003.00124,ref-mek.00005.00003.00003.00133,350454,350502,54319,54326,ref-m.00003.00003.00003.00011.00074,ref-m.00003.00003.00003.00011.00083,שנאמר כי כל הגוים ערלים וכל בית ישראל ערלי לב ,שנאמר כי כל הגוים ערלים וכל בית ישראל ערלי לב ,ref-m
3369,ref-mek.5.3.7.5-ref-mek.5.3.7.12,ref-m.2.8.2.9.84-ref-m.2.8.2.9.92,224988,225035,36855,36862,ref-mek.00005.00003.00007.00005,ref-mek.00005.00003.00007.00012,252780,252837,39144,39152,ref-m.00002.00008.00002.00009.00084,ref-m.00002.00008.00002.00009.00092,אמרו יצא אהרן נדב ואביהוא ושבעים מזקני ישראל ,שנאמר ויעל משה ואהרן נדב ואביהוא ושבעים מזקני ישראל ,ref-m
3370,ref-mek.5.3.9.118-ref-mek.5.3.10.4,ref-m.1.1.7.3.106-ref-m.1.1.7.3.115,226089,226122,37041,37047,ref-mek.00005.00003.00009.00118,ref-mek.00005.00003.00010.00004,8290,8332,1277,1282,ref-m.00001.00001.00007.00003.00106,ref-m.00001.00001.00007.00003.00115,ואמר ברוך ה' ויאמר יתרו ברוך ה' ,אומר ברכו את ה' רבי_ישמעאל_אומר ברכו את ה' ,ref-m
3371,ref-mek.6.1.1.214-ref-mek.6.1.1.227,ref-m.2.4.1.1.5-ref-m.2.4.1.1.20,236197,236283,38745,38758,ref-mek.00006.00001.00001.00214,ref-mek.00006.00001.00001.00227,199515,199613,30733,30746,ref-m.00002.00004.00001.00001.00005,ref-m.00002.00004.00001.00001.00020,שוקלים חמשה עשר שקלים במלכות אויביכם לא רציתם לתקן הדרכים והרחובות לעולי רגלים הרי ,השקלים ועל הכלאים בחמשה עשר בו קורין את המגילה בכרכין ומתקנין את הדרכים ואת הרחובות ואת ,ref-m
3372,ref-mek.6.1.1.222-ref-mek.6.1.1.232,ref-m.2.11.1.2.31-ref-m.2.11.1.2.37,236244,236312,38753,38762,ref-mek.00006.00001.00001.00222,ref-mek.00006.00001.00001.00232,274376,274419,42458,42463,ref-m.00002.00011.00001.00002.00031,ref-m.00002.00011.00001.00002.00037,לתקן הדרכים והרחובות לעולי רגלים הרי אתם מתקנין את הבורגסין ואת ,אותן ומתקנין את הדרכים ואת הרחובות ואת ,ref-m
3373,ref-mek.6.1.2.336-ref-mek.6.1.2.347,ref-m.6.12.3.12.40-ref-m.6.12.3.12.49,238467,238523,39097,39107,ref-mek.00006.00001.00002.00336,ref-mek.00006.00001.00002.00347,1034619,1034664,161076,161084,ref-m.00006.00012.00003.00012.00040,ref-m.00006.00012.00003.00012.00049,ה' עוז לעמו יתן ופתחו כלם ואמרו ה' יברך את עמו בשלום ,שנאמר ה' עוז לעמו יתן ה' יברך את עמו בשלום ,ref-m
3374,ref-mek.6.3.1.222-ref-mek.6.3.1.240,ref-m.5.1.11.3.5-ref-m.5.1.11.3.25,245318,245425,40266,40282,ref-mek.00006.00003.00001.00222,ref-mek.00006.00003.00001.00240,647962,648069,100869,100889,ref-m.00005.00001.00011.00003.00005,ref-m.00005.00001.00011.00003.00025,שאין טעונין כיבוס בגדים טעונין טבילה וכאן שהוא טעון כיבוס בגדים אינו_דין_שיהא טעון טבילה אין כיבוס בגדים ,הבגד אינו טעון כבוס מן הקרן ומן היסוד אינו טעון כבוס נשפך על הרצפה ואספו אינו טעון כבוס אין טעון כבוס ,ref-m
3375,ref-mek.6.3.1.222-ref-mek.6.3.1.243,ref-m.5.1.11.3.38-ref-m.5.1.11.3.57,245318,245444,40266,40285,ref-mek.00006.00003.00001.00222,ref-mek.00006.00003.00001.00243,648134,648240,100901,100914,ref-m.00005.00001.00011.00003.00038,ref-m.00005.00001.00011.00003.00057,שאין טעונין כיבוס בגדים טעונין טבילה וכאן שהוא טעון כיבוס בגדים אינו_דין_שיהא טעון טבילה אין כיבוס בגדים בתורה שאינו טעון ,אינו טעון כבוס משהופשט טעון כבוס דברי_רבי_יהודה_רבי_אליעזר_אומר_אף משהופשט אינו טעון כבוס אינו טעון כבוס ,ref-m
3376,ref-mek.6.3.2.1-ref-mek.6.3.2.14,ref-m.2.1.9.3.10-ref-m.2.1.9.3.26,245451,245527,40287,40300,ref-mek.00006.00003.00002.00001,ref-mek.00006.00003.00002.00014,140330,140434,21599,21612,ref-m.00002.00001.00009.00003.00010,ref-m.00002.00001.00009.00003.00026,והיו נכונים ליום השלישי זה יום ששי שבו נתנה תורה שנאמר כי ביום השלישי ,היו נכונים לשלשת ימים מנין שמרחיצין את המילה ביום השלישי שחל_להיות_בשבת שנאמר ויהי ביום השלישי ,ref-m
3377,ref-mek.6.3.6.78-ref-mek.6.3.6.111,ref-m.6.6.8.3.18-ref-m.6.6.8.3.45,247625,247802,40657,40682,ref-mek.00006.00003.00006.00078,ref-mek.00006.00003.00006.00111,973483,973631,151634,151654,ref-m.00006.00006.00008.00003.00018,ref-m.00006.00006.00008.00003.00045,הפולטת שכבת זרע ביום השלישי שהיא טהורה ראייה לדבר מסיני דברי ר'_אלעזר_בן_עזריה ר'_אליעזר_אומר אף פעמים שהם ארבע עונות פעמים שהן חמש פעמים שהן שש ר'_עקיבא_אומר לעולם חמש ,הפולטת זרע ביום השלישי טהורה דברי רבי_אלעזר_בן_עזריה רבי_ישמעאל_אומר פעמים שהם ארבע עונות פעמים שהם חמש פעמים שהם ששה רבי_עקיבא_אומר לעולם חמש ,ref-m
3378,ref-mek.6.6.3.267-ref-mek.6.6.3.281,ref-m.4.8.4.7.27-ref-m.4.8.4.7.35,261240,261350,42881,42895,ref-mek.00006.00006.00003.00267,ref-mek.00006.00006.00003.00281,594713,594776,92364,92372,ref-m.00004.00008.00004.00007.00027,ref-m.00004.00008.00004.00007.00035,עובדין לחמה וללבנה ולכוכבים ולמזלות להרים ולגבעות לאפיקים וגיאיות ואפילו לאדם יאבד עולמו מפני השוטים ,עובדין לחמה וללבנה ולכוכבים ולמזלות יאבד עולמו מפני השוטים ,ref-m
3379,ref-mek.6.7.1.103-ref-mek.6.7.1.120,ref-m.5.5.8.7.72-ref-m.5.5.8.7.89,262781,262866,43145,43160,ref-mek.00006.00007.00001.00103,ref-mek.00006.00007.00001.00120,735912,736001,114623,114638,ref-m.00005.00005.00008.00007.00072,ref-m.00005.00005.00008.00007.00089,אי אפשר לומר לא ינקה שכבר נאמר ינקה ואי אפשר לומר ינקה שכבר נאמר לא ינקה אמור מעתה ,אי אפשר לומר תקדיש שכבר נאמר אל תקדיש ואי אפשר לומר אל תקדיש שכבר נאמר תקדיש אמור מעתה ,ref-m
3380,ref-mek.6.7.1.220-ref-mek.6.7.1.234,ref-m.2.5.8.9.1-ref-m.2.5.8.9.13,263386,263465,43248,43260,ref-mek.00006.00007.00001.00220,ref-mek.00006.00007.00001.00234,228051,228131,35357,35369,ref-m.00002.00005.00008.00009.00001,ref-m.00002.00005.00008.00009.00013,נאמר שובו בנים שובבים והעובר על מצוות לא תעשה ועשה תשובה אין כאן בתשובה לכפר ,האומר אחטא ואשוב אחטא ואשוב אין מספיקין בידו לעשות תשובה אחטא ויום הכפורים ,ref-m
3381,ref-mek.6.8.1.54-ref-mek.6.8.1.99,ref-m.1.11.4.5.4-ref-m.1.11.4.5.34,267080,267301,43823,43855,ref-mek.00006.00008.00001.00054,ref-mek.00006.00008.00001.00099,128462,128618,19738,19764,ref-m.00001.00011.00004.00005.00004,ref-m.00001.00011.00004.00005.00034,לא חלק בין אשה לאיש אף מורא לא חלקו בין איש לאשה דברי_ר'_ישמעאל_ר'_יהודה_בן_בתירא_אומר_הרי_הוא_אומר איש_אמו_ואביו_תיראו ואת שבתותי תשמורו מה שבת לא חלק בין איש לאשה וטומטום ואנדרוגינוס אף מורא לא תחלוק בין איש לאשה ,לא לאנשים ולא לנשים אין חייבים לא על מכתו ולא על קללתו לא כאנשים ולא כנשים ואינו נערך לא כאנשים ולא כנשים ואם אמר הריני_נזיר_שזה לא איש ולא אשה ,ref-m
3382,ref-mek.6.8.3.160-ref-mek.6.8.3.165,ref-m.4.8.3.5.13-ref-m.4.8.3.5.18,271653,271684,44485,44490,ref-mek.00006.00008.00003.00160,ref-mek.00006.00008.00003.00165,591621,591652,91869,91874,ref-m.00004.00008.00003.00005.00013,ref-m.00004.00008.00003.00005.00018,לא תחמוד כסף וזהב עליהם ולקחת ,לא תחמוד כסף וזהב עליהם ולקחת ,ref-m
3383,ref-mek.6.9.4.70-ref-mek.6.9.4.79,ref-m.1.1.9.5.11-ref-m.1.1.9.5.23,275810,275860,45166,45175,ref-mek.00006.00009.00004.00070,ref-mek.00006.00009.00004.00079,10808,10875,1646,1657,ref-m.00001.00001.00009.00005.00011,ref-m.00001.00001.00009.00005.00023,אוכל וכל גבהי לבב קרואים תועבה שנאמר תועבת ה' כל ,שנאמר ואהבת את ה' אלהיך בכל לבבך ובכל נפשך ובכל מאדך בכל לבבך ,ref-m
3384,ref-mek.6.9.4.82-ref-mek.6.9.4.91,ref-m.4.8.1.9.13-ref-m.4.8.1.9.20,275868,275920,45178,45186,ref-mek.00006.00009.00004.00082,ref-mek.00006.00009.00004.00091,588019,588057,91357,91363,ref-m.00004.00008.00001.00009.00013,ref-m.00004.00008.00001.00009.00020,עבודה זרה קרויה תועבה שנאמר ולא תביא תועבה אל ביתך ,עבודה זרה שנאמר לא תביא תועבה אל ביתך ,ref-m
3385,ref-mek.6.10.1.246-ref-mek.6.10.1.254,ref-m.1.1.7.3.63-ref-m.1.1.7.3.69,278238,278288,45559,45567,ref-mek.00006.00010.00001.00246,ref-mek.00006.00010.00001.00254,8051,8085,1241,1247,ref-m.00001.00001.00007.00003.00063,ref-m.00001.00001.00007.00003.00069,שברית כרותה לארץ כך ברית כרותה ליסורין ה' אלהיך ,מברך כך עונין אחריו ברוך ה' אלהינו ,ref-m
3386,ref-mek.6.11.1.262-ref-mek.6.11.1.269,ref-m.5.1.6.1.17-ref-m.5.1.6.1.24,281048,281102,46008,46015,ref-mek.00006.00011.00001.00262,ref-mek.00006.00011.00001.00269,636386,636441,99076,99083,ref-m.00005.00001.00006.00001.00017,ref-m.00005.00001.00006.00001.00024,מחצי המזבח לצפון כצפון ומחצי המזבח לדרום כדרום ,מחצי המזבח ולצפון כצפון מחצי המזבח ולדרום כדרום ,ref-m
3387,ref-mek.6.11.1.418-ref-mek.6.11.1.450,ref-m.4.9.3.6.15-ref-m.4.9.3.6.58,281877,282053,46132,46163,ref-mek.00006.00011.00001.00418,ref-mek.00006.00011.00001.00450,605839,606075,94142,94184,ref-m.00004.00009.00003.00006.00015,ref-m.00004.00009.00003.00006.00058,אלהים נצב בעדת אל ומנין אפילו שלשה שדנין שנאמר בקרב אלהים ישפוט ומנין שאפילו שנים שנאמר אז נדברו יראי ה' איש אל רעהו ומנין אפילו אחד שנאמר בכל המקום אשר אזכיר את שמי ,אלהים נצב בעדת אל ומנין אפילו חמשה שנאמר ואגודתו על ארץ יסדה ומנין אפילו שלשה שנאמר בקרב אלהים ישפוט ומנין אפילו שנים שנאמר אז נדברו יראי ה' איש אל רעהו ויקשב ה' וישמע וגו' ומנין אפילו אחד שנאמר בכל המקום אשר אזכיר את שמי ,ref-m
3388,ref-mek.6.11.1.433-ref-mek.6.11.1.440,ref-m.4.9.3.2.47-ref-m.4.9.3.2.54,281965,282000,46147,46154,ref-mek.00006.00011.00001.00433,ref-mek.00006.00011.00001.00440,605036,605071,94007,94014,ref-m.00004.00009.00003.00002.00047,ref-m.00004.00009.00003.00002.00054,שנאמר אז נדברו יראי ה' איש אל רעהו ,שנאמר אז נדברו יראי ה' איש אל רעהו ,ref-m
3389,ref-mek.6.11.2.248-ref-mek.6.11.2.264,ref-m.5.10.3.4.66-ref-m.5.10.3.4.83,283295,283388,46355,46369,ref-mek.00006.00011.00002.00248,ref-mek.00006.00011.00002.00264,791382,791479,123383,123398,ref-m.00005.00010.00003.00004.00066,ref-m.00005.00010.00003.00004.00083,המזבח נברא להאריך שנותיו של אדם והברזל לקצר שנותיו של אדם אינו רשאי להניף המקצר על המאריך ,שהברזל נברא לקצר ימיו של אדם והמזבח נברא להאריך ימיו של אדם אינו בדין שיונף המקצר על המאריך ,ref-m
3390,ref-mek.6.11.3.2-ref-mek.6.11.3.27,ref-m.5.1.9.1.29-ref-m.5.1.9.1.58,283747,283873,46425,46444,ref-mek.00006.00011.00003.00002,ref-mek.00006.00011.00003.00027,643972,644108,100232,100256,ref-m.00005.00001.00009.00001.00029,ref-m.00005.00001.00009.00001.00058,תעלה במעלות על מזבחי מכאן אמרו עשה כבש למזבח אין_לי_אלא עלייה ירידה מנין_תלמוד_לומר_לא תגלה ערותך עליו הא לא עליה ולא ירידה ,עלתה לא תרד אף כל_דבר_שהוא ראוי לאשים אם עלה לא ירד רבן_גמליאל_אומר כל הראוי למזבח אם עלה לא ירד שנאמר היא העולה על מוקדה על המזבח ,ref-m
3391,ref-mek.7.1.1.115-ref-mek.7.1.1.133,ref-m.3.6.9.8.47-ref-m.3.6.9.8.63,285338,285438,46660,46678,ref-mek.00007.00001.00001.00115,ref-mek.00007.00001.00001.00133,424425,424521,66127,66143,ref-m.00003.00006.00009.00008.00047,ref-m.00003.00006.00009.00008.00063,אמרו גט המעושה בישראל כשר ובגוים פסול אבל גוים חובטין אותו ואומרין לו עשה מה שישראל אומר לך כשר ,גט מעושה בישראל כשר ובגוים פסול ובגוים חובטין אותו ואומרים לו עשה מה שישראל אומרים לך וכשר ,ref-m
3392,ref-mek.7.1.2.114-ref-mek.7.1.2.132,ref-m.4.10.1.4.38-ref-m.4.10.1.4.56,286196,286291,46794,46809,ref-mek.00007.00001.00002.00114,ref-mek.00007.00001.00002.00132,624107,624205,97184,97202,ref-m.00004.00010.00001.00004.00038,ref-m.00004.00010.00001.00004.00056,נאמר כאן עברי ונאמר להלן עברי מה עברי האמור להלן בבן ישראל_הכתוב_מדבר אף עבד עברי האמור כאן ,שנאמר כאן עדה ונאמר להלן עדה מה עדה האמור להלן עד שיהיו כולם ראויין להוראה אף עדה האמורה כאן ,ref-m
3393,ref-mek.7.1.2.200-ref-mek.7.1.2.207,ref-m.6.7.4.6.38-ref-m.6.7.4.6.46,286637,286674,46859,46865,ref-mek.00007.00001.00002.00200,ref-mek.00007.00001.00002.00207,982623,982665,153063,153070,ref-m.00006.00007.00004.00006.00038,ref-m.00006.00007.00004.00006.00046,אמרת דיו לבא מן הדין להיות כנדון מה ,אמר להן דיו לבא מן הדין להיות כנדון ממה ,ref-m
3394,ref-mek.7.1.2.201-ref-mek.7.1.2.207,ref-m.4.1.2.5.69-ref-m.4.1.2.5.75,286642,286674,46860,46865,ref-mek.00007.00001.00002.00201,ref-mek.00007.00001.00002.00207,439232,439264,68458,68463,ref-m.00004.00001.00002.00005.00069,ref-m.00004.00001.00002.00005.00075,דיו לבא מן הדין להיות כנדון מה ,דיו לבא מן הדין להיות כנדון מה ,ref-m
3395,ref-mek.7.1.2.201-ref-mek.7.1.2.207,ref-m.4.1.2.5.122-ref-m.4.1.2.5.128,286642,286674,46860,46865,ref-mek.00007.00001.00002.00201,ref-mek.00007.00001.00002.00207,439503,439535,68504,68509,ref-m.00004.00001.00002.00005.00122,ref-m.00004.00001.00002.00005.00128,דיו לבא מן הדין להיות כנדון מה ,דיו לבא מן הדין להיות כנדון מה ,ref-m
3396,ref-mek.7.3.1.62-ref-mek.7.3.1.133,ref-m.3.5.3.8.31-ref-m.3.5.3.8.46,293742,294082,47931,47983,ref-mek.00007.00003.00001.00062,ref-mek.00007.00003.00001.00133,391075,391150,60907,60919,ref-m.00003.00005.00003.00008.00031,ref-m.00003.00005.00003.00008.00046,נמכרה וכי_ימכור_איש את בתו האיש מוכר את בתו ואין האשה מוכרת בתה שהיה_בדין_ומה_אם הבן שאין אביו רשאי למכרו הרי הוא מוכר את בתו הבת שאביה רשאי למכרה אינו דין שתמכור את בתה תלמוד_לומר_כי ימכור איש איש מוכר את בתו ואין אשה מוכרת את בתה וכי_ימכור_איש את בתו האיש מוכר את בתו ואינו מוכר את בנו שהיה בדין מה אם הבת שאינה נמכרת על ,על נזירות אביה האיש מוכר את בתו ואין האשה מוכרת את בתה האיש מקדש את בתו ,ref-m
3397,ref-mek.7.3.1.93-ref-mek.7.3.1.134,ref-m.3.5.3.8.51-ref-m.3.5.3.8.70,293892,294090,47953,47984,ref-mek.00007.00003.00001.00093,ref-mek.00007.00003.00001.00134,391172,391291,60923,60942,ref-m.00003.00005.00003.00008.00051,ref-m.00003.00005.00003.00008.00070,למכרה אינו דין שתמכור את בתה תלמוד_לומר_כי ימכור איש איש מוכר את בתו ואין אשה מוכרת את בתה וכי_ימכור_איש את בתו האיש מוכר את בתו ואינו מוכר את בנו שהיה בדין מה אם הבת שאינה נמכרת על הגניבה ,בתה האיש נסקל ערום ואין האשה נסקלת ערומה האיש נתלה ואין האשה נתלית האיש נמכר בגניבתו ואין האשה נמכרת בגניבתה ,ref-m
3398,ref-mek.7.3.1.146-ref-mek.7.3.1.172,ref-m.3.5.3.8.33-ref-m.3.5.3.8.43,294148,294278,47994,48009,ref-mek.00007.00003.00001.00146,ref-mek.00007.00003.00001.00172,391085,391138,60909,60917,ref-m.00003.00005.00003.00008.00033,ref-m.00003.00005.00003.00008.00043,אביו רשאי למכרו תלמוד_לומר_וכי_ימכור_איש את בתו האיש מוכר את בתו ואינו מוכר את בנו וכי_ימכור_איש האיש מוכר את עצמו ואין האשה ,אביה האיש מוכר את בתו ואין האשה מוכרת את בתה האיש ,ref-m
3399,ref-mek.7.3.1.148-ref-mek.7.3.1.172,ref-m.3.5.3.8.59-ref-m.3.5.3.8.69,294158,294278,47996,48009,ref-mek.00007.00003.00001.00148,ref-mek.00007.00003.00001.00172,391216,391282,60931,60941,ref-m.00003.00005.00003.00008.00059,ref-m.00003.00005.00003.00008.00069,למכרו תלמוד_לומר_וכי_ימכור_איש את בתו האיש מוכר את בתו ואינו מוכר את בנו וכי_ימכור_איש האיש מוכר את עצמו ואין האשה ,האיש נתלה ואין האשה נתלית האיש נמכר בגניבתו ואין האשה נמכרת ,ref-m
3400,ref-mek.7.3.2.12-ref-mek.7.3.2.22,ref-m.5.4.1.7.20-ref-m.5.4.1.7.28,296080,296137,48282,48291,ref-mek.00007.00003.00002.00012,ref-mek.00007.00003.00002.00022,706475,706523,110002,110009,ref-m.00005.00004.00001.00007.00020,ref-m.00005.00004.00001.00007.00028,אשר לא יעדה והפדה מכאן אמרו מצות ייעוד קודמת למצות פדיה ,קודמת למצות פדיה שנאמר אשר לא יעדה והפדה מצות ,ref-m
3401,ref-mek.7.3.2.322-ref-mek.7.3.2.347,ref-m.3.2.5.8.74-ref-m.3.2.5.9.1,297647,297773,48538,48563,ref-mek.00007.00003.00002.00322,ref-mek.00007.00003.00002.00347,328990,329136,50989,51013,ref-m.00003.00002.00005.00008.00074,ref-m.00003.00002.00005.00009.00001,יתן לה של זקנה זקנה לא יתן לה של ילדה ועונתה שלא יתן של ימות החמה בימות הגשמים ולא של ימות הגשמים בימות החמה אלא נותן ,לא חדשים בימות החמה ולא שחקים בימות הגשמים אלא נותן לה כלים של חמשים זוז בימות הגשמים והיא מתכסה בבלאותיהן בימות החמה והשחקים שלה נותן ,ref-m
3402,ref-mek.7.3.2.333-ref-mek.7.3.2.345,ref-m.4.8.3.8.27-ref-m.4.8.3.8.42,297693,297764,48549,48561,ref-mek.00007.00003.00002.00333,ref-mek.00007.00003.00002.00345,593026,593116,92096,92108,ref-m.00004.00008.00003.00008.00027,ref-m.00004.00008.00003.00008.00042,שלא יתן של ימות החמה בימות הגשמים ולא של ימות הגשמים בימות החמה ,בימות החמה והחזרין לא בימות החמה ולא בימות הגשמים רבי_יוסי_אומר_אף לא ירקות בימות ,ref-m
3403,ref-mek.7.4.2.17-ref-mek.7.4.2.62,ref-m.4.5.2.1.6-ref-m.4.5.2.1.42,301032,301290,49074,49118,ref-mek.00007.00004.00002.00017,ref-mek.00007.00004.00002.00062,539910,540123,84356,84389,ref-m.00004.00005.00002.00001.00006,ref-m.00004.00005.00002.00001.00042,שוגג הא כיצד היה מעגל במעגלה ונפלה עליו והרגתו היה יורד עולה בסולם ונפלה עליו והרגו היה משלשל בחבית ונפלה עליו והרגתו הרי זה גולה אבל היה מושך במעגלה ונפלה עליו והרגתו היה יורד עולה בסולם ונפל עליו והרגו היה דולה בחבית ונפסק החבל ונפל עליו ,בשגגה היה מעגל במעגילה ונפלה עליו והרגתו היה משלשל בחבית ונפלה עליו והרגתו היה יורד בסולם ונפל עליו והרגו הרי זה גולה אבל_אם_היה מושך במעגילה ונפלה עליו והרגתו היה דולה בחבית ונפסק החבל ונפלה עליו ,ref-m
3404,ref-mek.7.4.2.20-ref-mek.7.4.2.41,ref-m.4.5.2.1.44-ref-m.4.5.2.1.53,301045,301170,49077,49097,ref-mek.00007.00004.00002.00020,ref-mek.00007.00004.00002.00041,540132,540182,84391,84398,ref-m.00004.00005.00002.00001.00044,ref-m.00004.00005.00002.00001.00053,היה מעגל במעגלה ונפלה עליו והרגתו היה יורד עולה בסולם ונפלה עליו והרגו היה משלשל בחבית ונפלה עליו והרגתו הרי זה גולה ,היה עולה בסולם ונפל עליו והרגו הרי_זה_אינו גולה ,ref-m
3405,ref-mek.7.4.2.154-ref-mek.7.4.2.166,ref-m.4.10.1.4.41-ref-m.4.10.1.4.56,301750,301815,49194,49206,ref-mek.00007.00004.00002.00154,ref-mek.00007.00004.00002.00166,624122,624205,97187,97202,ref-m.00004.00010.00001.00004.00041,ref-m.00004.00010.00001.00004.00056,ונאמר להלן מקום מה מקום האמור להלן אלפים אמה אף מקום האמור כאן ,ונאמר להלן עדה מה עדה האמור להלן עד שיהיו כולם ראויין להוראה אף עדה האמורה כאן ,ref-m
3406,ref-mek.7.5.1.277-ref-mek.7.5.1.299,ref-m.4.4.7.3.32-ref-m.4.4.7.3.55,305422,305547,49739,49761,ref-mek.00007.00005.00001.00277,ref-mek.00007.00005.00001.00299,523727,523859,81858,81881,ref-m.00004.00004.00007.00003.00032,ref-m.00004.00004.00007.00003.00055,חנק היו משקעין אותו בזבל עד ארכובותיו ונותני סודרין קשין ברכין וכורך על צוארו זה מושך להלן וזה מושך להלן עד שנפשו יוצאה ,הנחנקין היו משקעין אותו בזבל עד ארכובותיו ונותנין סודר קשה לתוך הרכה וכורך על צוארו זה מושך אצלו וזה מושך אצלו עד שנפשו יוצאה ,ref-m
3407,ref-mek.7.5.1.278-ref-mek.7.5.1.297,ref-m.4.4.7.2.3-ref-m.4.4.7.2.23,305426,305534,49740,49759,ref-mek.00007.00005.00001.00278,ref-mek.00007.00005.00001.00297,523065,523175,81756,81776,ref-m.00004.00004.00007.00002.00003,ref-m.00004.00004.00007.00002.00023,היו משקעין אותו בזבל עד ארכובותיו ונותני סודרין קשין ברכין וכורך על צוארו זה מושך להלן וזה מושך להלן עד ,היו משקעין אותו בזבל עד ארכובותיו ונותנין סודר קשה לתוך הרכה וכורך על צוארו זה מושך אצלו וזה מושך אצלו עד ,ref-m
3408,ref-mek.7.5.3.121-ref-mek.7.5.3.128,ref-m.4.4.7.8.12-ref-m.4.4.7.8.19,308117,308159,50092,50096,ref-mek.00007.00005.00003.00121,ref-mek.00007.00005.00003.00128,525607,525649,82148,82152,ref-m.00004.00004.00007.00008.00012,ref-m.00004.00004.00007.00008.00019,המקלל אביו ואמו אינו חייב עד שיקללם בשם ,המקלל אביו ואמו אינו_חייב_עד שיקללם בשם ,ref-m
3409,ref-mek.7.6.2.199-ref-mek.7.6.2.209,ref-m.4.1.8.1.64-ref-m.4.1.8.1.74,311400,311458,50608,50618,ref-mek.00007.00006.00002.00199,ref-mek.00007.00006.00002.00209,451662,451713,70401,70411,ref-m.00004.00001.00008.00001.00064,ref-m.00004.00001.00008.00001.00074,ועלו בו צמחין סביבות מכה חייב לרפאתו שלא מחמת המכה פטור ,עלו בו צמחים אם מחמת המכה חיב שלא מחמת המכה פטור ,ref-m
3410,ref-mek.7.7.1.139-ref-mek.7.7.1.148,ref-m.2.3.8.1.37-ref-m.2.3.8.1.51,312284,312338,50736,50745,ref-mek.00007.00007.00001.00139,ref-mek.00007.00007.00001.00148,192885,192961,29626,29639,ref-m.00002.00003.00008.00001.00037,ref-m.00002.00003.00008.00001.00051,אני עבד של שני שותפין ועבד שחציו עבד וחציו בן חורין ,שהוא רוצה עבד של שני שותפין לא יאכל משל שניהן מי שחציו עבד וחציו בן חורין ,ref-m
3411,ref-mek.7.7.1.164-ref-mek.7.7.1.176,ref-m.2.3.8.1.39-ref-m.2.3.8.1.55,312409,312473,50758,50769,ref-mek.00007.00007.00001.00164,ref-mek.00007.00007.00001.00176,192896,192973,29628,29641,ref-m.00002.00003.00008.00001.00039,ref-m.00002.00003.00008.00001.00055,עבד של שני שותפין ועבד שחציו עבד וחציו בן חורין שאין כלו שלו ,עבד של שני שותפין לא יאכל משל שניהן מי שחציו עבד וחציו בן חורין לא יאכל משל ,ref-m
3412,ref-mek.7.7.1.215-ref-mek.7.7.1.223,ref-m.2.3.8.1.39-ref-m.2.3.8.1.51,312668,312718,50798,50806,ref-mek.00007.00007.00001.00215,ref-mek.00007.00007.00001.00223,192896,192961,29628,29639,ref-m.00002.00003.00008.00001.00039,ref-m.00002.00003.00008.00001.00051,עבד של שני שותפין ועבד שחציו עבד וחציו בן חורין ,עבד של שני שותפין לא יאכל משל שניהן מי שחציו עבד וחציו בן חורין ,ref-m
3413,ref-mek.7.8.3.17-ref-mek.7.8.3.32,ref-m.4.5.1.6.36-ref-m.4.5.1.6.50,316731,316800,51383,51398,ref-mek.00007.00008.00003.00017,ref-mek.00007.00008.00003.00032,538177,538249,84085,84098,ref-m.00004.00005.00001.00006.00036,ref-m.00004.00005.00001.00006.00050,נפש תחת נפש נפש הוא משלם ואינו משלם ממון תחת נפש ר' אומר נפש תחת נפש ,נפש תחת נפש יכול משעה שקבלו עדותן יהרגו תלמוד לומר נפש תחת נפש הא אינן ,ref-m
3414,ref-mek.7.8.4.25-ref-mek.7.8.4.38,ref-m.4.1.1.2.30-ref-m.4.1.1.2.39,317020,317096,51434,51447,ref-mek.00007.00008.00004.00025,ref-mek.00007.00008.00004.00038,437293,437356,68153,68162,ref-m.00004.00001.00001.00002.00030,ref-m.00004.00001.00001.00002.00039,נזקי אדם לנזקי בהמה ונזקי בהמה לנזקי אדם ומה נזקי בהמה לתשלומין אף נזקי ,למזיק ורשות הניזק והמזיק וכשהזיק חב המזיק לשלם תשלומי נזק ,ref-m
3415,ref-mek.7.9.1.220-ref-mek.7.9.1.234,ref-m.3.5.7.4.3-ref-m.3.5.7.4.18,319233,319303,51774,51784,ref-mek.00007.00009.00001.00220,ref-mek.00007.00009.00001.00234,395278,395369,61569,61583,ref-m.00003.00005.00007.00004.00003,ref-m.00003.00005.00007.00004.00018,עינו ר'_אליעזר_אומר_נאמר_כאן שילוח ונאמר להלן שילוח מה להלן גט אף כאן ,וענתה ואמרה ולהלן הוא אומר וענו הלוים ואמרו מה ענייה האמורה להלן בלשון הקדש אף כאן ,ref-m
3416,ref-mek.7.10.1.43-ref-mek.7.10.1.58,ref-m.4.10.1.4.41-ref-m.4.10.1.4.56,320683,320758,51988,52003,ref-mek.00007.00010.00001.00043,ref-mek.00007.00010.00001.00058,624122,624205,97187,97202,ref-m.00004.00010.00001.00004.00041,ref-m.00004.00010.00001.00004.00056,ונאמר להלן שור מה שור האמור בסיני עשה בו כל בהמה כשור אף שור האמור כאן ,ונאמר להלן עדה מה עדה האמור להלן עד שיהיו כולם ראויין להוראה אף עדה האמורה כאן ,ref-m
3417,ref-mek.7.10.1.485-ref-mek.7.10.1.489,ref-m.5.1.12.5.1-ref-m.5.1.12.5.6,323015,323051,52319,52323,ref-mek.00007.00010.00001.00485,ref-mek.00007.00010.00001.00489,650419,650461,101255,101260,ref-m.00005.00001.00012.00005.00001,ref-m.00005.00001.00012.00005.00006,פרים הנשרפים ושעירים הנשרפים שהן ,פרים הנשרפים ושעירים הנשרפים בזמן שהם ,ref-m
3418,ref-mek.7.10.1.691-ref-mek.7.10.1.697,ref-m.4.1.3.8.22-ref-m.4.1.3.8.32,324110,324145,52475,52480,ref-mek.00007.00010.00001.00691,ref-mek.00007.00010.00001.00697,441082,441141,68752,68761,ref-m.00004.00001.00003.00008.00022,ref-m.00004.00001.00003.00008.00032,מועד משלם נזק שלם ותם משלם חצי נזק ,מועד בתם משלם במותר נזק שלם תם במועד משלם במותר חצי נזק ,ref-m
3419,ref-mek.7.10.1.691-ref-mek.7.10.1.699,ref-m.4.1.3.8.46-ref-m.4.1.3.8.71,324110,324148,52475,52481,ref-mek.00007.00010.00001.00691,ref-mek.00007.00010.00001.00699,441205,441333,68772,68792,ref-m.00004.00001.00003.00008.00046,ref-m.00004.00001.00003.00008.00071,מועד משלם נזק שלם ותם משלם חצי נזק אף ,ומועד באדם משלם במותר נזק שלם אדם בתם ותם באדם אדם בתם משלם במותר נזק שלם תם באדם משלם במותר חצי נזק רבי_עקיבא_אומר אף ,ref-m
3420,ref-mek.7.10.1.755-ref-mek.7.10.1.779,ref-m.4.1.5.4.1-ref-m.4.1.5.4.24,324422,324559,52521,52541,ref-mek.00007.00010.00001.00755,ref-mek.00007.00010.00001.00779,445880,446016,69504,69525,ref-m.00004.00001.00005.00004.00001,ref-m.00004.00001.00005.00004.00024,מדמי וולדות שהיה_בדין_הואיל וחייב באדם וחייב בשור אם_למדת_על אדם שהוא מתכוין לחבירו והכה אשה ויצאו ילדיה משלם דמי ולדות אף שור ,שור שהיה מתכון לחברו והכה את האשה ויצאו ילדיה פטור מדמי ולדות ואדם שהיה מתכוון לחברו והכה את האשה ויצאו ילדיה משלם דמי ולדות ,ref-m
3421,ref-mek.7.10.1.761-ref-mek.7.10.1.779,ref-m.4.1.8.2.3-ref-m.4.1.8.2.15,324460,324559,52525,52541,ref-mek.00007.00010.00001.00761,ref-mek.00007.00010.00001.00779,452098,452168,70470,70482,ref-m.00004.00001.00008.00002.00003,ref-m.00004.00001.00008.00002.00015,באדם וחייב בשור אם_למדת_על אדם שהוא מתכוין לחבירו והכה אשה ויצאו ילדיה משלם דמי ולדות אף שור ,באדם מבשור שהאדם משלם נזק צער רפוי שבת ובשת ומשלם דמי ולדות ושור ,ref-m
3422,ref-mek.7.10.2.36-ref-mek.7.10.2.42,ref-m.4.1.3.8.22-ref-m.4.1.3.8.32,324835,324870,52587,52592,ref-mek.00007.00010.00002.00036,ref-mek.00007.00010.00002.00042,441082,441141,68752,68761,ref-m.00004.00001.00003.00008.00022,ref-m.00004.00001.00003.00008.00032,מועד משלם נזק שלם ותם משלם חצי נזק ,מועד בתם משלם במותר נזק שלם תם במועד משלם במותר חצי נזק ,ref-m
3423,ref-mek.7.10.2.36-ref-mek.7.10.2.42,ref-m.4.1.3.8.46-ref-m.4.1.3.8.66,324835,324870,52587,52592,ref-mek.00007.00010.00002.00036,ref-mek.00007.00010.00002.00042,441205,441315,68772,68790,ref-m.00004.00001.00003.00008.00046,ref-m.00004.00001.00003.00008.00066,מועד משלם נזק שלם ותם משלם חצי נזק ,ומועד באדם משלם במותר נזק שלם אדם בתם ותם באדם אדם בתם משלם במותר נזק שלם תם באדם משלם במותר חצי נזק ,ref-m
3424,ref-mek.7.10.2.36-ref-mek.7.10.2.44,ref-m.4.1.3.8.8-ref-m.4.1.3.8.21,324835,324875,52587,52593,ref-mek.00007.00010.00002.00036,ref-mek.00007.00010.00002.00044,441007,441081,68740,68751,ref-m.00004.00001.00003.00008.00008,ref-m.00004.00001.00003.00008.00021,מועד משלם נזק שלם ותם משלם חצי נזק מועד ,משלמים במותר חצי נזק שניהם מועדים משלמים במותר נזק שלם אחד תם ואחד מועד ,ref-m
3425,ref-mek.7.10.2.62-ref-mek.7.10.2.83,ref-m.4.1.2.4.6-ref-m.4.1.2.4.28,324963,325069,52610,52628,ref-mek.00007.00010.00002.00062,ref-mek.00007.00010.00002.00083,438728,438824,68379,68397,ref-m.00004.00001.00002.00004.00006,ref-m.00004.00001.00002.00004.00028,מועד מועד שהעידו בו שלשה פעמים ותם שיחזור בו שלשה ימים וזה אחר זה ר'_יוסי_אומר אפילו העידו בו ג' פעמים ,מועד מועד כל שהעידו בו שלשה ימים ותם משיחזור בו שלשה ימים דברי אומר מועד שהעידו בו שלש פעמים ,ref-m
3426,ref-mek.7.10.2.135-ref-mek.7.10.2.176,ref-m.4.1.4.9.25-ref-m.4.1.4.9.56,325322,325532,52672,52704,ref-mek.00007.00010.00002.00135,ref-mek.00007.00010.00002.00176,444908,445069,69355,69377,ref-m.00004.00001.00004.00009.00025,ref-m.00004.00001.00004.00009.00056,ויצא והזיק תם פטור ומועד חייב שנאמר ולא ישמרנו בעליו ולא שמור הוא זה דברי ר' מאיר ר'_יהודה_אומר תם חייב ומועד פטור שנאמר ולא ישמרנו בעליו ושמור הוא זה דברי ר' מאיר ר'_אליעזר_אומר אין לו שמירה אלא סכין ,ויצא והזיק אחד תם ואחד מועד חייב דברי_רבי_מאיר_רבי_יהודה_אומר תם חייב ומועד פטור שנאמר ולא ישמרנו בעליו ושמור הוא זה רבי_אליעזר_אומר אין לו שמירה אלא סכין ,ref-m
3427,ref-mek.7.10.2.248-ref-mek.7.10.2.263,ref-m.4.4.1.4.24-ref-m.4.4.1.4.42,325893,325980,52753,52768,ref-mek.00007.00010.00002.00248,ref-mek.00007.00010.00002.00263,509607,509723,79626,79644,ref-m.00004.00004.00001.00004.00024,ref-m.00004.00004.00001.00004.00042,השור יסקל וגם בעליו הקיש מיתת בעלים למיתת השור מה מיתת בעלים בעשרים ושלשה אף מיתת ,השור יסקל וגם בעליו יומת כמיתת בעלים כך מיתת השור הזאב והארי הדוב והנמר והברדלס והנחש מיתתן בעשרים ושלשה ,ref-m
3428,ref-mek.7.10.3.124-ref-mek.7.10.3.131,ref-m.5.2.12.1.6-ref-m.5.2.12.1.15,327019,327059,52932,52937,ref-mek.00007.00010.00003.00124,ref-mek.00007.00010.00003.00131,680042,680093,105877,105884,ref-m.00005.00002.00012.00001.00006,ref-m.00005.00002.00012.00001.00015,קדשים יש להם פדיון וקדשים אין להם פדיון ,קדשן בכלי יש להם פדיון משקדשו בכלי אין להם פדיון ,ref-m
3429,ref-mek.7.11.2.29-ref-mek.7.11.2.49,ref-m.4.1.4.5.21-ref-m.4.1.4.5.27,327954,328053,53085,53103,ref-mek.00007.00011.00002.00029,ref-mek.00007.00011.00002.00049,444235,444266,69244,69250,ref-m.00004.00001.00004.00005.00021,ref-m.00004.00001.00004.00005.00027,נותן שלשים סלעים להחמיר עליהם שאם לא שוה אלא דינר נותן שלשים סלעים דבר אחר אם עבד יגח השור או אמה ,נגח עבד או אמה נותן שלשים סלעים ,ref-m
3430,ref-mek.7.11.3.227-ref-mek.7.11.3.240,ref-m.4.1.5.6.8-ref-m.4.1.5.6.15,329906,329977,53357,53370,ref-mek.00007.00011.00003.00227,ref-mek.00007.00011.00003.00240,446692,446734,69630,69637,ref-m.00004.00001.00005.00006.00008,ref-m.00004.00001.00005.00006.00015,לא יכסנו שלא כיסה כראוי מכאן אמרו כסהו כראוי פטור שלא כראוי חייב כסהו ,ולא כסהו והשני ולא כסהו השני חייב כסהו ,ref-m
3431,ref-mek.7.11.3.227-ref-mek.7.11.3.240,ref-m.4.1.5.6.21-ref-m.4.1.5.6.35,329906,329977,53357,53370,ref-mek.00007.00011.00003.00227,ref-mek.00007.00011.00003.00240,446766,446839,69643,69657,ref-m.00004.00001.00005.00006.00021,ref-m.00004.00001.00005.00006.00035,לא יכסנו שלא כיסה כראוי מכאן אמרו כסהו כראוי פטור שלא כראוי חייב כסהו ,ולא כסהו השני חייב כסהו כראוי ונפל לתוכו שור או חמור ומת פטור לא כסהו ,ref-m
3432,ref-mek.7.11.3.267-ref-mek.7.11.3.301,ref-m.4.1.5.6.52-ref-m.4.1.5.6.66,330110,330274,53394,53417,ref-mek.00007.00011.00003.00267,ref-mek.00007.00011.00003.00301,446931,447018,69674,69687,ref-m.00004.00001.00005.00006.00052,ref-m.00004.00001.00005.00006.00066,פטור ונפל שם שור או חמור חייב על זה_בפני_עצמו_ועל_זה_בפני עצמו שור ולא שור וכליו חמור ולא חמור וכליו שהיה_בדין_ומה_אם במקום שלא חייב על הבהמה חייב על הכלים ,פטור נפל לתוכו שור וכליו ונשתברו חמור וכליו ונתקרעו חייב על הבהמה ופטור על הכלים ,ref-m
3433,ref-mek.7.11.3.311-ref-mek.7.11.3.324,ref-m.4.1.5.6.55-ref-m.4.1.5.6.69,330320,330388,53424,53436,ref-mek.00007.00011.00003.00311,ref-mek.00007.00011.00003.00324,446946,447033,69677,69690,ref-m.00004.00001.00005.00006.00055,ref-m.00004.00001.00005.00006.00069,הכלים תלמוד לומר ונפל שמה שור או חמור שור ולא כליו חמור ולא כליו ,שור וכליו ונשתברו חמור וכליו ונתקרעו חייב על הבהמה ופטור על הכלים נפל לתוכו שור ,ref-m
3434,ref-mek.7.11.3.331-ref-mek.7.11.3.339,ref-m.4.1.5.6.44-ref-m.4.1.5.6.52,330422,330476,53443,53451,ref-mek.00007.00011.00003.00331,ref-mek.00007.00011.00003.00339,446880,446935,69666,69674,ref-m.00004.00001.00005.00006.00044,ref-m.00004.00001.00005.00006.00052,נפל לפניו מקול הכריה חייב לאחריו מקול הכרייה פטור ,נפל לפניו מקול הכרייה חייב לאחריו מקול הכרייה פטור ,ref-m
3435,ref-mek.7.12.1.155-ref-mek.7.12.1.182,ref-m.4.1.4.1.50-ref-m.4.1.4.1.59,331619,331748,53642,53669,ref-mek.00007.00012.00001.00155,ref-mek.00007.00012.00001.00182,443085,443133,69057,69066,ref-m.00004.00001.00004.00001.00050,ref-m.00004.00001.00004.00001.00059,מנה שנגח שור שוה מנה או שוה מאתים שנגח שור שוה מאתים נוטל חציו שור שוה מאה שנגח שור שוה מאתים נוטל כלו שוה מאתים שנגח שוה מנה ,מנה חזר ונגח שור אחר שוה מאתים האחרון נוטל מנה ,ref-m
3436,ref-mek.7.12.1.154-ref-mek.7.12.1.166,ref-m.3.2.11.4.6-ref-m.3.2.11.4.20,331615,331673,53641,53653,ref-mek.00007.00012.00001.00154,ref-mek.00007.00012.00001.00166,340929,341008,52789,52803,ref-m.00003.00002.00011.00004.00006,ref-m.00003.00002.00011.00004.00020,שוה מנה שנגח שור שוה מנה או שוה מאתים שנגח שור שוה מאתים ,שוה מנה במאתים או שוה מאתים במנה נתקבלה כתובתה היתה כתובתה מנה ומכרה שוה מנה ,ref-m
3437,ref-mek.7.12.1.154-ref-mek.7.12.1.182,ref-m.3.2.11.5.31-ref-m.3.2.11.5.37,331615,331748,53641,53669,ref-mek.00007.00012.00001.00154,ref-mek.00007.00012.00001.00182,341467,341501,52880,52886,ref-m.00003.00002.00011.00005.00031,ref-m.00003.00002.00011.00005.00037,שוה מנה שנגח שור שוה מנה או שוה מאתים שנגח שור שוה מאתים נוטל חציו שור שוה מאה שנגח שור שוה מאתים נוטל כלו שוה מאתים שנגח שוה מנה ,שוה מנה במאתים או שוה מאתים במנה ,ref-m
3438,ref-mek.7.12.1.156-ref-mek.7.12.1.182,ref-m.4.1.4.1.70-ref-m.4.1.4.1.77,331623,331748,53643,53669,ref-mek.00007.00012.00001.00156,ref-mek.00007.00012.00001.00182,443185,443225,69077,69084,ref-m.00004.00001.00004.00001.00070,ref-m.00004.00001.00004.00001.00077,שנגח שור שוה מנה או שוה מאתים שנגח שור שוה מאתים נוטל חציו שור שוה מאה שנגח שור שוה מאתים נוטל כלו שוה מאתים שנגח שוה מנה ,ונגח שור אחר שוה מאתים האחרון נוטל מנה ,ref-m
3439,ref-mek.7.12.1.196-ref-mek.7.12.1.217,ref-m.4.1.3.9.46-ref-m.4.1.3.9.60,331810,331906,53680,53693,ref-mek.00007.00012.00001.00196,ref-mek.00007.00012.00001.00217,441585,441659,68829,68840,ref-m.00004.00001.00003.00009.00046,ref-m.00004.00001.00003.00009.00060,ומכרו את השור החי וכו' אמר_לו_ר' עקיבא קרא את כל המקרא הזה וגם את המת יחצון ואי_זה_זה זה ,ומכרו את השור החי וחצו את כספו ולא קיימת וגם את המת יחצון ואיזה זה ,ref-m
3440,ref-mek.7.12.1.219-ref-mek.7.12.1.228,ref-m.3.2.11.5.31-ref-m.3.2.11.5.38,331911,331963,53695,53704,ref-mek.00007.00012.00001.00219,ref-mek.00007.00012.00001.00228,341467,341506,52880,52887,ref-m.00003.00002.00011.00005.00031,ref-m.00003.00002.00011.00005.00038,שוה מאתים שנגח שור שוה מאתים והנבלה שוה מנה מוכרין ,שוה מנה במאתים או שוה מאתים במנה מכרן ,ref-m
3441,ref-mek.7.12.2.93-ref-mek.7.12.2.122,ref-m.4.1.7.1.39-ref-m.4.1.7.1.46,332503,332629,53790,53803,ref-mek.00007.00012.00002.00093,ref-mek.00007.00012.00002.00122,449297,449331,70058,70065,ref-m.00004.00001.00007.00001.00039,ref-m.00004.00001.00007.00001.00046,שור או שה לחייב_על_זה_בפני_עצמו_ועל_זה_בפני עצמו וטבחו אין_לי_אלא טובח מוכר מנין_תלמוד_לומר או מכרו עד_שלא_יאמר_יש_לי_בדין אם ,שור או שה וטבחו או מכרו וגו' אין ,ref-m
3442,ref-mek.7.12.2.150-ref-mek.7.12.2.160,ref-m.4.1.7.5.27-ref-m.4.1.7.5.36,332762,332819,53824,53834,ref-mek.00007.00012.00002.00150,ref-mek.00007.00012.00002.00160,450641,450697,70240,70249,ref-m.00004.00001.00007.00005.00027,ref-m.00004.00001.00007.00005.00036,לטובח מה מכירה חוץ לרשותו אף טביחה חוץ לרשותו מה מכירה ,וטבח ומכר חוץ מרשותם או שגנב חוץ מרשותם וטבח ומכר ,ref-m
3443,ref-mek.7.13.3.126-ref-mek.7.13.3.138,ref-m.3.5.1.8.41-ref-m.3.5.1.8.52,336480,336547,54425,54435,ref-mek.00007.00013.00003.00126,ref-mek.00007.00013.00003.00138,386718,386781,60174,60184,ref-m.00003.00005.00001.00008.00041,ref-m.00003.00005.00001.00008.00052,שגנב שלש גניבות לב אביו ולב בית דין ולב בית ישראל שנאמר ויגנוב ,שגנב שלשה לבבות לב אביו ולב בית דין ולב ישראל שנאמר ויגנוב ,ref-m
3444,ref-mek.7.14.1.43-ref-mek.7.14.1.60,ref-m.4.1.1.4.19-ref-m.4.1.1.4.34,338179,338287,54702,54718,ref-mek.00007.00014.00001.00043,ref-mek.00007.00014.00001.00060,437577,437671,68199,68213,ref-m.00004.00001.00001.00004.00019,ref-m.00004.00001.00001.00004.00034,מועדת לאכול הראוי לה והבהמה מועדת לשבר בדרך הילוכה מכאן אמרו לעולם אינו חייב שיצא המזיק ברשותו והזיק ,מועדת לאכול את הראוי לה הרגל מועדת לשבר בדרך הלוכה ושור המועד ושור המזיק ברשות הניזק ,ref-m
3445,ref-mek.7.14.1.43-ref-mek.7.14.1.48,ref-m.4.1.2.2.3-ref-m.4.1.2.2.9,338179,338214,54702,54707,ref-mek.00007.00014.00001.00043,ref-mek.00007.00014.00001.00048,438218,438254,68298,68303,ref-m.00004.00001.00002.00002.00003,ref-m.00004.00001.00002.00002.00009,מועדת לאכול הראוי לה והבהמה מועדת ,מועדת לאכל את הראוי לה הבהמה מועדת ,ref-m
3446,ref-mek.7.14.1.47-ref-mek.7.14.1.51,ref-m.4.1.2.1.5-ref-m.4.1.2.1.11,338201,338233,54706,54710,ref-mek.00007.00014.00001.00047,ref-mek.00007.00014.00001.00051,437893,437936,68249,68255,ref-m.00004.00001.00002.00001.00005,ref-m.00004.00001.00002.00001.00011,והבהמה מועדת לשבר בדרך הילוכה ,בדרך הלוכה הבהמה מועדת להלך כדרכה ולשבר ,ref-m
3447,ref-mek.7.14.1.117-ref-mek.7.14.1.124,ref-m.4.1.6.3.1-ref-m.4.1.6.3.9,338556,338604,54763,54770,ref-mek.00007.00014.00001.00117,ref-mek.00007.00014.00001.00124,447750,447801,69812,69820,ref-m.00004.00001.00006.00003.00001,ref-m.00004.00001.00006.00003.00009,המגדיש בתוך שדה חבירו שלא ברשות ויצאת בהמתו ,המגדיש בתוך שדה של חברו שלא ברשות ואכלתן בהמתו ,ref-m
3448,ref-mek.7.14.2.85-ref-mek.7.14.2.120,ref-m.4.1.6.4.103-ref-m.4.1.6.4.132,339263,339444,54873,54899,ref-mek.00007.00014.00002.00085,ref-mek.00007.00014.00002.00120,448404,448558,69919,69940,ref-m.00004.00001.00006.00004.00103,ref-m.00004.00001.00006.00004.00132,רואין אותו כאלו הוא עומד באמצע בית כור ומזיק דברי ר'_אליעזר_בן עזריה ר'_אליעזר_אומר שש עשרה אמה בדרך הרבים ר'_עקיבא_אומר חמשים אמה ר'_שמעון_אומר שלם ישלם המבעיר את הבעירה הכל ,רואין אותה כאילו הוא באמצע בית כור רבי_אליעזר_אומר שש עשרה אמות כדרך רשות הרבים רבי_עקיבא_אומר חמשים אמה רבי_שמעון_אומר שלם ישלם המבעיר את הבערה הכל ,ref-m
3449,ref-mek.7.14.2.149-ref-mek.7.14.2.158,ref-m.6.2.3.7.93-ref-m.6.2.3.7.99,339600,339647,54925,54934,ref-mek.00007.00014.00002.00149,ref-mek.00007.00014.00002.00158,862807,862839,134638,134644,ref-m.00006.00002.00003.00007.00093,ref-m.00006.00002.00003.00007.00099,וכן סואר של קנים ושל קורות וכן מרבך של אבנים ,מרבך של אבנים וכן סואר של קורות ,ref-m
3450,ref-mek.7.14.2.185-ref-mek.7.14.2.198,ref-m.4.1.6.4.71-ref-m.4.1.6.4.78,339789,339858,54957,54969,ref-mek.00007.00014.00002.00185,ref-mek.00007.00014.00002.00198,448244,448285,69893,69899,ref-m.00004.00001.00006.00004.00071,ref-m.00004.00001.00006.00004.00078,קמה או שדה מה השדה בגלוי אף הקמה בגלוי שלם ישלם המבעיר את הבערה ,הקמה או השדה שלם ישלם המבעיר את הבערה ,ref-m
3451,ref-mek.7.14.2.237-ref-mek.7.14.2.245,ref-m.4.1.1.1.7-ref-m.4.1.1.1.18,340056,340104,54992,55000,ref-mek.00007.00014.00002.00237,ref-mek.00007.00014.00002.00245,436840,436906,68079,68090,ref-m.00004.00001.00001.00001.00007,ref-m.00004.00001.00001.00001.00018,לא הרי המבעה כהרי ההבער ולא הרי ההבער כהרי ,וההבער לא הרי השור כהרי המבעה ולא הרי המבעה כהרי השור ולא ,ref-m
3452,ref-mek.7.14.2.250-ref-mek.7.14.2.262,ref-m.4.1.1.1.46-ref-m.4.1.1.2.1,340127,340206,55003,55015,ref-mek.00007.00014.00002.00250,ref-mek.00007.00014.00002.00262,437048,437125,68113,68125,ref-m.00004.00001.00001.00001.00046,ref-m.00004.00001.00001.00002.00001,שדרכן להזיק וממונן ושמירתן עליך וכשהזיק חב המזיק לשלם תשלומי נזק במיטב כל ,שדרכן להזיק ושמירתן עליך וכשהזיק חב המזיק לשלם תשלומי נזק במיטב הארץ כל ,ref-m
3453,ref-mek.7.14.2.255-ref-mek.7.14.2.282,ref-m.4.1.1.2.30-ref-m.4.1.1.2.41,340162,340310,55008,55029,ref-mek.00007.00014.00002.00255,ref-mek.00007.00014.00002.00282,437293,437369,68153,68164,ref-m.00004.00001.00001.00002.00030,ref-m.00004.00001.00001.00002.00041,וכשהזיק חב המזיק לשלם תשלומי נזק במיטב כל הארץ ד' כללות היה_ר'_ישמעאל_אומר משום ר' מאיר בנזקין כל מקום שיש רשות למזיק ולא לניזק פטור לניזק ,למזיק ורשות הניזק והמזיק וכשהזיק חב המזיק לשלם תשלומי נזק במיטב הארץ ,ref-m
3454,ref-mek.7.14.2.303-ref-mek.7.14.2.312,ref-m.4.1.2.5.34-ref-m.4.1.2.5.47,340426,340478,55050,55059,ref-mek.00007.00014.00002.00303,ref-mek.00007.00014.00002.00312,439043,439125,68429,68441,ref-m.00004.00001.00002.00005.00034,ref-m.00004.00001.00002.00005.00047,על השן ועל הרגל חייב ועל השאר מועד משלם נזק שלם ,על השן ועל הרגל ברשות הרבים שהוא פטור החמיר עליהם ברשות הניזק לשלם נזק שלם ,ref-m
3455,ref-mek.7.14.2.310-ref-mek.7.14.2.316,ref-m.4.1.3.8.22-ref-m.4.1.3.8.32,340461,340496,55057,55062,ref-mek.00007.00014.00002.00310,ref-mek.00007.00014.00002.00316,441082,441141,68752,68761,ref-m.00004.00001.00003.00008.00022,ref-m.00004.00001.00003.00008.00032,מועד משלם נזק שלם ותם משלם חצי נזק ,מועד בתם משלם במותר נזק שלם תם במועד משלם במותר חצי נזק ,ref-m
3456,ref-mek.7.14.2.310-ref-mek.7.14.2.316,ref-m.4.1.3.8.46-ref-m.4.1.3.8.66,340461,340496,55057,55062,ref-mek.00007.00014.00002.00310,ref-mek.00007.00014.00002.00316,441205,441315,68772,68790,ref-m.00004.00001.00003.00008.00046,ref-m.00004.00001.00003.00008.00066,מועד משלם נזק שלם ותם משלם חצי נזק ,ומועד באדם משלם במותר נזק שלם אדם בתם ותם באדם אדם בתם משלם במותר נזק שלם תם באדם משלם במותר חצי נזק ,ref-m
3457,ref-mek.7.14.2.329-ref-mek.7.14.2.338,ref-m.4.1.2.5.34-ref-m.4.1.2.5.47,340565,340617,55072,55081,ref-mek.00007.00014.00002.00329,ref-mek.00007.00014.00002.00338,439043,439125,68429,68441,ref-m.00004.00001.00002.00005.00034,ref-m.00004.00001.00002.00005.00047,על השן ועל הרגל פטור ועל השאר מועד משלם נזק שלם ,על השן ועל הרגל ברשות הרבים שהוא פטור החמיר עליהם ברשות הניזק לשלם נזק שלם ,ref-m
3458,ref-mek.7.14.2.336-ref-mek.7.14.2.342,ref-m.4.1.3.8.22-ref-m.4.1.3.8.32,340600,340635,55079,55084,ref-mek.00007.00014.00002.00336,ref-mek.00007.00014.00002.00342,441082,441141,68752,68761,ref-m.00004.00001.00003.00008.00022,ref-m.00004.00001.00003.00008.00032,מועד משלם נזק שלם ותם משלם חצי נזק ,מועד בתם משלם במותר נזק שלם תם במועד משלם במותר חצי נזק ,ref-m
3459,ref-mek.7.14.2.336-ref-mek.7.14.2.342,ref-m.4.1.3.8.46-ref-m.4.1.3.8.66,340600,340635,55079,55084,ref-mek.00007.00014.00002.00336,ref-mek.00007.00014.00002.00342,441205,441315,68772,68790,ref-m.00004.00001.00003.00008.00046,ref-m.00004.00001.00003.00008.00066,מועד משלם נזק שלם ותם משלם חצי נזק ,ומועד באדם משלם במותר נזק שלם אדם בתם ותם באדם אדם בתם משלם במותר נזק שלם תם באדם משלם במותר חצי נזק ,ref-m
3460,ref-mek.7.15.2.178-ref-mek.7.15.2.202,ref-m.4.2.3.12.18-ref-m.4.2.3.12.41,342655,342773,55417,55435,ref-mek.00007.00015.00002.00178,ref-mek.00007.00015.00002.00202,466746,466867,72859,72874,ref-m.00004.00002.00003.00012.00018,ref-m.00004.00002.00003.00012.00041,מחשבת הלב בשליחות יד שנאמר על_כל_דבר_פשע ובית הלל אומרים אין מחייבין אלא משעה ששלח בה יד לכך נאמר אם לא שלח ידו ,כשעת התביעה החושב לשלח יד בפקדון בית_שמאי_אומרים חייב ובית_הלל_אומרים_אינו_חייב_עד שישלח בו יד שנאמר אם לא שלח ידו ,ref-m
3461,ref-mek.7.15.3.132-ref-mek.7.15.3.140,ref-m.3.5.9.1.26-ref-m.3.5.9.1.36,343724,343769,55582,55589,ref-mek.00007.00015.00003.00132,ref-mek.00007.00015.00003.00140,400904,400963,62465,62474,ref-m.00003.00005.00009.00001.00026,ref-m.00003.00005.00009.00001.00036,שנים ואין בית דין שקול מוסיפין עליהם עוד אחד ,שנים ושופטיך שנים ואין בית דין שקול מוסיפין עליהן עוד אחד ,ref-m
3462,ref-mek.7.15.3.133-ref-mek.7.15.3.142,ref-m.4.4.1.6.103-ref-m.4.4.1.6.114,343729,343778,55583,55591,ref-mek.00007.00015.00003.00133,ref-mek.00007.00015.00003.00142,510743,510804,79796,79806,ref-m.00004.00004.00001.00006.00103,ref-m.00004.00004.00001.00006.00114,ואין בית דין שקול מוסיפין עליהם עוד אחד הרי שלשה ,ואין בית דין שקול מוסיפין עליהם עוד אחד הרי כאן עשרים ושלשה ,ref-m
3463,ref-mek.7.15.3.177-ref-mek.7.15.3.187,ref-m.3.5.9.1.26-ref-m.3.5.9.1.36,343945,344004,55615,55624,ref-mek.00007.00015.00003.00177,ref-mek.00007.00015.00003.00187,400904,400963,62465,62474,ref-m.00003.00005.00009.00001.00026,ref-m.00003.00005.00009.00001.00036,בשנים הכתוב מדבר ואין בית דין שקול מוסיפין עליהם עוד אחד ,שנים ושופטיך שנים ואין בית דין שקול מוסיפין עליהן עוד אחד ,ref-m
3464,ref-mek.7.15.3.180-ref-mek.7.15.3.190,ref-m.4.4.1.6.103-ref-m.4.4.1.6.114,343964,344017,55618,55627,ref-mek.00007.00015.00003.00180,ref-mek.00007.00015.00003.00190,510743,510804,79796,79806,ref-m.00004.00004.00001.00006.00103,ref-m.00004.00004.00001.00006.00114,ואין בית דין שקול מוסיפין עליהם עוד אחד הרי כאן שלשה ,ואין בית דין שקול מוסיפין עליהם עוד אחד הרי כאן עשרים ושלשה ,ref-m
3465,ref-mek.7.15.3.230-ref-mek.7.15.3.241,ref-m.1.6.7.2.11-ref-m.1.6.7.2.23,344234,344294,55658,55665,ref-mek.00007.00015.00003.00230,ref-mek.00007.00015.00003.00241,79003,79081,12204,12215,ref-m.00001.00006.00007.00002.00011,ref-m.00001.00006.00007.00002.00023,כל המשלם את הקרן חייב לשלם את החומש ושאינו משלם את הקרן ,הקרן ואינה משלמת את החומש ומיתתה בשרפה נשאת לאחד מכל הפסולין משלמת קרן ,ref-m
3466,ref-mek.7.16.4.140-ref-mek.7.16.4.146,ref-m.4.1.1.4.36-ref-m.4.1.1.4.47,347378,347427,56157,56163,ref-mek.00007.00016.00004.00140,ref-mek.00007.00016.00004.00146,437679,437741,68215,68223,ref-m.00004.00001.00001.00004.00036,ref-m.00004.00001.00001.00004.00047,הזאב והארי והדוב והנמר והברדלס והנחש שאמרה ,הזאב והארי והדוב והנמר והברדלס והנחש הרי אלו מועדין אומר ,ref-m
3467,ref-mek.7.16.4.140-ref-mek.7.16.4.145,ref-m.4.4.1.4.34-ref-m.4.4.1.4.39,347378,347420,56157,56162,ref-mek.00007.00016.00004.00140,ref-mek.00007.00016.00004.00145,509661,509702,79636,79641,ref-m.00004.00004.00001.00004.00034,ref-m.00004.00004.00001.00004.00039,הזאב והארי והדוב והנמר והברדלס והנחש ,הזאב והארי הדוב והנמר והברדלס והנחש ,ref-m
3468,ref-mek.7.16.4.141-ref-mek.7.16.4.145,ref-m.4.2.7.9.39-ref-m.4.2.7.9.43,347384,347420,56158,56162,ref-mek.00007.00016.00004.00141,ref-mek.00007.00016.00004.00145,476836,476871,74459,74463,ref-m.00004.00002.00007.00009.00039,ref-m.00004.00002.00007.00009.00043,והארי והדוב והנמר והברדלס והנחש ,הארי והדוב והנמר והברדלס והנחש ,ref-m
3469,ref-mek.7.16.6.15-ref-mek.7.16.6.39,ref-m.4.2.7.8.16-ref-m.4.2.7.8.41,348160,348300,56282,56304,ref-mek.00007.00016.00006.00015,ref-mek.00007.00016.00006.00039,476497,476641,74401,74424,ref-m.00004.00002.00007.00008.00016,ref-m.00004.00002.00007.00008.00041,ונושא שכר מהנה והשוכר מהנה אם_למדת_על נושא שכר שנשבע על האונסין משלם הגנבה והאבדה אף שוכר נשבע על האונסין וישלם הגנבה והאבדה והרי ,נושא שכר והשוכר שומר חנם נשבע על הכל והשואל משלם את הכל ונושא שכר והשוכר נשבעים על השבורה ועל השבויה ועל המתה ומשלמין את האבדה ואת ,ref-m
3470,ref-mek.7.16.6.15-ref-mek.7.16.6.43,ref-m.4.6.8.1.7-ref-m.4.6.8.2.9,348160,348321,56282,56308,ref-mek.00007.00016.00006.00015,ref-mek.00007.00016.00006.00043,563404,563595,87892,87922,ref-m.00004.00006.00008.00001.00007,ref-m.00004.00006.00008.00002.00009,ונושא שכר מהנה והשוכר מהנה אם_למדת_על נושא שכר שנשבע על האונסין משלם הגנבה והאבדה אף שוכר נשבע על האונסין וישלם הגנבה והאבדה והרי שומר חנם יוכיח שהוא ,נושא שכר והשוכר שומר חנם נשבע על הכל והשואל משלם את הכל נושא שכר והשוכר נשבעין על השבורה ועל השבויה ועל המתה ומשלמים את האבדה ואת הגניבה אמר לשומר חנם היכן_שורי_אמר_לו מת והוא ,ref-m
3471,ref-mek.7.16.6.59-ref-mek.7.16.6.78,ref-m.4.2.7.8.28-ref-m.4.2.7.8.41,348403,348510,56324,56340,ref-mek.00007.00016.00006.00059,ref-mek.00007.00016.00006.00078,476557,476641,74412,74424,ref-m.00004.00002.00007.00008.00028,ref-m.00004.00002.00007.00008.00041,ונושא שכר נהנה ומהנה והשכיר נהנה ומהנה אם_למדת_על נושא שכר שהוא נשבע על האונסין ומשלם את הגנבה ואת ,ונושא שכר והשוכר נשבעים על השבורה ועל השבויה ועל המתה ומשלמין את האבדה ואת ,ref-m
3472,ref-mek.7.16.6.59-ref-mek.7.16.6.94,ref-m.4.6.8.1.19-ref-m.4.6.8.2.9,348403,348598,56324,56355,ref-mek.00007.00016.00006.00059,ref-mek.00007.00016.00006.00094,563464,563595,87903,87922,ref-m.00004.00006.00008.00001.00019,ref-m.00004.00006.00008.00002.00009,ונושא שכר נהנה ומהנה והשכיר נהנה ומהנה אם_למדת_על נושא שכר שהוא נשבע על האונסין ומשלם את הגנבה ואת האבדה אף השכיר נשבע על האונסין ומשלם את הגנבה ואת האבדה ואל יוכיח שומר חנם שהוא ,נושא שכר והשוכר נשבעין על השבורה ועל השבויה ועל המתה ומשלמים את האבדה ואת הגניבה אמר לשומר חנם היכן_שורי_אמר_לו מת והוא ,ref-m
3473,ref-mek.7.17.1.78-ref-mek.7.17.1.93,ref-m.3.6.8.9.24-ref-m.3.6.8.9.30,349061,349157,56434,56444,ref-mek.00007.00017.00001.00078,ref-mek.00007.00017.00001.00093,422140,422190,65763,65769,ref-m.00003.00006.00008.00009.00024,ref-m.00003.00006.00008.00009.00030,שנתגרשה מן הנישואין דברי ר'_יוסי_הגלילי ר'_עקיבא_אומר מנין אפילו נתגרשה ונתארמלה מן האירוסין ,שנתגרשה מן הנשואין ומודים בנתגרשה מן האירוסין ,ref-m
3474,ref-mek.7.17.1.78-ref-mek.7.17.1.93,ref-m.4.7.4.7.66-ref-m.4.7.4.7.73,349061,349157,56434,56444,ref-mek.00007.00017.00001.00078,ref-mek.00007.00017.00001.00093,575758,575805,89595,89601,ref-m.00004.00007.00004.00007.00066,ref-m.00004.00007.00004.00007.00073,שנתגרשה מן הנישואין דברי ר'_יוסי_הגלילי ר'_עקיבא_אומר מנין אפילו נתגרשה ונתארמלה מן האירוסין ,שנתגרשה מן הנשואין אבל אם נתגרשה מן האירוסין ,ref-m
3475,ref-mek.7.17.1.157-ref-mek.7.17.1.171,ref-m.3.2.5.2.11-ref-m.3.2.5.2.16,349478,349556,56498,56509,ref-mek.00007.00017.00001.00157,ref-mek.00007.00017.00001.00171,327059,327095,50687,50692,ref-m.00003.00002.00005.00002.00011,ref-m.00003.00002.00005.00002.00016,לאשה למה_נאמר_לפי_שנאמר ונתן האיש השוכב עמה יכול כשם שבתפוסה נותן מיד כך ,וכשם שנותנין לאשה כך נותנין לאיש ,ref-m
3476,ref-mek.7.17.2.107-ref-mek.7.17.2.116,ref-m.4.2.2.5.4-ref-m.4.2.2.5.13,351182,351233,56781,56790,ref-mek.00007.00017.00002.00107,ref-mek.00007.00017.00002.00116,461966,462008,72074,72083,ref-m.00004.00002.00002.00005.00004,ref-m.00004.00002.00002.00005.00013,בכלל מכשפים היו ולמה יצאו להקיש עליהם ולומר לך מה ,בכלל כל אלה למה יצאת להקיש אליה לומר לך מה ,ref-m
3477,ref-mek.7.18.1.325-ref-mek.7.18.1.331,ref-m.4.5.3.16.18-ref-m.4.5.3.16.24,354427,354461,57312,57318,ref-mek.00007.00018.00001.00325,ref-mek.00007.00018.00001.00331,547343,547377,85503,85509,ref-m.00004.00005.00003.00016.00018,ref-m.00004.00005.00003.00016.00024,שנאמר ה' חפץ למען צדקו יגדיל תורה ,שנאמר ה' חפץ למען צדקו יגדיל תורה ,ref-m
3478,ref-mek.7.18.1.325-ref-mek.7.18.1.331,ref-m.4.9.6.11.43-ref-m.4.9.6.11.49,354427,354461,57312,57318,ref-mek.00007.00018.00001.00325,ref-mek.00007.00018.00001.00331,622796,622830,96967,96973,ref-m.00004.00009.00006.00011.00043,ref-m.00004.00009.00006.00011.00049,שנאמר ה' חפץ למען צדקו יגדיל תורה ,שנאמר ה' חפץ למען צדקו יגדיל תורה ,ref-m
3479,ref-mek.7.18.1.340-ref-mek.7.18.1.350,ref-m.3.5.5.4.13-ref-m.3.5.5.4.20,354507,354562,57325,57331,ref-mek.00007.00018.00001.00340,ref-mek.00007.00018.00001.00350,393302,393346,61262,61268,ref-m.00003.00005.00005.00004.00013,ref-m.00003.00005.00005.00004.00020,ואומרות לפני_מי_שאמר_והיה_העולם לה' אני שנאמר זה יאמר ,הזאת לה' ויאמרו לאמר שאין תלמוד לומר לאמר ,ref-m
3480,ref-mek.7.18.3.339-ref-mek.7.18.3.347,ref-m.4.9.1.18.14-ref-m.4.9.2.1.2,356731,356783,57679,57687,ref-mek.00007.00018.00003.00339,ref-mek.00007.00018.00003.00347,600808,600871,93319,93329,ref-m.00004.00009.00001.00018.00014,ref-m.00004.00009.00002.00001.00002,אמת שפטו ואומר אמת ומשפט שלום שפטו בשעריכם ואומר ,האמת ועל השלום שנאמר אמת ומשפט שלום שפטו בשעריכם רבי אומר ,ref-m
3481,ref-mek.8.1.1.141-ref-mek.8.1.1.153,ref-m.4.2.5.11.22-ref-m.4.2.5.11.30,358120,358178,57896,57908,ref-mek.00008.00001.00001.00141,ref-mek.00008.00001.00001.00153,473063,473106,73858,73866,ref-m.00004.00002.00005.00011.00022,ref-m.00004.00002.00005.00011.00030,לא תהיה לו כנושה שלא תראה לו בכל זמן לא תשימון עליו נשך ,לא תהיה לו כנושה ומשום לא תשימון עליו נשך ,ref-m
3482,ref-mek.8.1.1.176-ref-mek.8.1.1.190,ref-m.3.5.7.5.38-ref-m.3.5.7.5.49,358281,358358,57924,57936,ref-mek.00008.00001.00001.00176,ref-mek.00008.00001.00001.00190,395640,395698,61629,61640,ref-m.00003.00005.00007.00005.00038,ref-m.00003.00005.00007.00005.00049,למלוה או_אינו_אלא ללווה כשהוא אומר אל תקח מאתו נשך ותרבית הרי ללוה אמור ,אלון מורה מה אלון מורה האמור להלן שכם אף אלון מורה האמור ,ref-m
3483,ref-mek.8.1.1.216-ref-mek.8.1.1.232,ref-m.4.2.5.11.16-ref-m.4.2.5.11.35,358497,358571,57956,57972,ref-mek.00008.00001.00001.00216,ref-mek.00008.00001.00001.00232,473032,473131,73852,73871,ref-m.00004.00002.00005.00011.00016,ref-m.00004.00002.00005.00011.00035,משום בל תתן ובל תקח לא תשימון עליו נשך לא תהיה לו כנושה לפני עיור לא תתן ,תתן ומשום בל תקח מאתו ומשום לא תהיה לו כנושה ומשום לא תשימון עליו נשך ומשום ולפני עור לא תתן ,ref-m
3484,ref-mek.8.1.5.1-ref-mek.8.1.5.13,ref-m.1.6.3.6.21-ref-m.1.6.3.7.3,360303,360377,58219,58231,ref-mek.00008.00001.00005.00001,ref-mek.00008.00001.00005.00013,72648,72692,11263,11269,ref-m.00001.00006.00003.00006.00021,ref-m.00001.00006.00003.00007.00003,מלאתך ודמעך לא תאחר מלאתך אלו ביכורים הניטלין מהמלאה לא תאחר שלא תקדים ,מלאתך ודמעך לא תאחר ומנין שיקדמו הבכורים ,ref-m
3485,ref-mek.8.1.5.27-ref-mek.8.1.5.40,ref-m.1.6.3.5.48-ref-m.1.6.3.6.6,360454,360539,58243,58256,ref-mek.00008.00001.00005.00027,ref-mek.00008.00001.00005.00040,72531,72579,11248,11254,ref-m.00001.00006.00003.00005.00048,ref-m.00001.00006.00003.00006.00006,יקדים אם תרומה לביכורים אם ביכורים לתרומה אמרת יקדמו ביכורים שהם קרויין ארבעה שמות ,קרא שם המקדים תרומה לבכורים מעשר ראשון לתרומה ,ref-m
3486,ref-mek.8.1.5.80-ref-mek.8.1.5.102,ref-m.1.6.3.6.1-ref-m.1.6.3.6.24,360759,360893,58293,58311,ref-mek.00008.00001.00005.00080,ref-mek.00008.00001.00005.00102,72538,72668,11250,11266,ref-m.00001.00006.00003.00006.00001,ref-m.00001.00006.00003.00006.00024,"המקדים תרומה לביכורים ומעשר ראשון לתרומה ומעשר שני לראשון אע""פ שהוא עובר בלא תעשה מה שעשה עשוי תלמוד לומר מלאתך ודמעך לא תאחר ",המקדים תרומה לבכורים מעשר ראשון לתרומה ומעשר שני לראשון אף_על_פי_שהוא עובר_בלא_תעשה מה שעשה עשוי שנאמר מלאתך ודמעך לא תאחר ,ref-m
3487,ref-mek.8.2.1.155-ref-mek.8.2.1.169,ref-m.5.1.7.6.20-ref-m.5.1.7.6.40,363170,363249,58705,58718,ref-mek.00008.00002.00001.00155,ref-mek.00008.00002.00001.00169,640464,640583,99715,99734,ref-m.00005.00001.00007.00006.00020,ref-m.00005.00001.00007.00006.00040,מה נבלה שהיא מטמאה במשא הרי היא מותרת בהנאה טרפה שאינה מטמאה במשא אינו דין ,מה אם נבלת בהמה שהיא מטמאה במגע ובמשא שחיטתה מטהרת את טריפתה מטומאתה נבלת העוף שאינה מטמאה במגע ובמשא אינו דין ,ref-m
3488,ref-mek.8.2.3.131-ref-mek.8.2.3.145,ref-m.4.4.1.6.71-ref-m.4.4.1.6.80,364582,364659,58960,58973,ref-mek.00008.00002.00003.00131,ref-mek.00008.00002.00003.00145,510580,510631,79772,79781,ref-m.00004.00004.00001.00006.00071,ref-m.00004.00004.00001.00006.00080,לא תהיה אחרי רבים ממשמע שאין אתה הוגה עימהם לרעה אבל אתה הוגה עימהם לטובה ,לא תהיה אחרי רבים לרעות שומע אני שאהיה עמהם לטובה ,ref-m
3489,ref-mek.8.2.3.146-ref-mek.8.2.3.157,ref-m.4.4.5.5.74-ref-m.4.4.5.5.86,364660,364724,58974,58985,ref-mek.00008.00002.00003.00146,ref-mek.00008.00002.00003.00157,519833,519903,81236,81248,ref-m.00004.00004.00005.00005.00074,ref-m.00004.00004.00005.00005.00086,שנים עשר מזכין ואחד עשר מחייבין זכאי שלשה עשר מחייבין וי' מזכין ,שנים עשר מזכין ואחד עשר מחייבין זכאי שנים עשר מחייבין ואחד עשר מזכין ,ref-m
3490,ref-mek.8.2.3.146-ref-mek.8.2.3.159,ref-m.4.4.5.5.89-ref-m.4.4.5.5.104,364660,364732,58974,58987,ref-mek.00008.00002.00003.00146,ref-mek.00008.00002.00003.00159,519916,520008,81251,81264,ref-m.00004.00004.00005.00005.00089,ref-m.00004.00004.00005.00005.00104,שנים עשר מזכין ואחד עשר מחייבין זכאי שלשה עשר מחייבין וי' מזכין חייב או ,עשר מזכין ואחד עשר מחייבין ואחד אומר_איני_יודע ואפילו עשרים ושנים מזכין או מחייבין ואחד ,ref-m
3491,ref-mek.8.2.3.148-ref-mek.8.2.3.155,ref-m.4.4.5.5.120-ref-m.4.4.5.5.127,364669,364714,58976,58983,ref-mek.00008.00002.00003.00148,ref-mek.00008.00002.00003.00155,520092,520145,81278,81285,ref-m.00004.00004.00005.00005.00120,ref-m.00004.00004.00005.00005.00127,מזכין ואחד עשר מחייבין זכאי שלשה עשר מחייבין ,מזכין ושלשים וחמשה מחייבין זכאי שלשים וששה מחייבין ,ref-m
3492,ref-mek.8.2.3.184-ref-mek.8.2.3.193,ref-m.4.4.5.5.78-ref-m.4.4.5.5.117,364838,364888,59004,59013,ref-mek.00008.00002.00003.00184,ref-mek.00008.00002.00003.00193,519854,520079,81240,81275,ref-m.00004.00004.00005.00005.00078,ref-m.00004.00004.00005.00005.00117,עדים בשנים אף מטין בשנים אחד עשר מזכין ואחד עשר ,עשר מחייבין זכאי שנים עשר מחייבין ואחד עשר מזכין ואפילו אחד עשר מזכין ואחד עשר מחייבין ואחד אומר_איני_יודע ואפילו עשרים ושנים מזכין או מחייבין ואחד אומר_איני_יודע יוסיפו הדיינין עד כמה מוסיפין שנים שנים עד שבעים ואחד ,ref-m
3493,ref-mek.8.2.5.188-ref-mek.8.2.5.218,ref-m.4.2.2.7.24-ref-m.4.2.2.7.37,366114,366253,59191,59216,ref-mek.00008.00002.00005.00188,ref-mek.00008.00002.00005.00218,462367,462428,72138,72148,ref-m.00004.00002.00002.00007.00024,ref-m.00004.00002.00002.00007.00037,עד דרוש אחיך עד שתדרוש את אחיך עד דרוש אחיך עד שיצא עליו כרוזה דבר אחר עד דרוש אחיך אותו אתה צריך לדרוש את אחיך אם רמאי הוא אם אינו רמאי ,עד דרוש אחיך אותו עד שתדרוש את אחיך אם רמאי הוא אם אינו רמאי ,ref-m
3494,ref-mek.8.2.6.103-ref-mek.8.2.6.118,ref-m.4.2.2.10.25-ref-m.4.2.2.10.41,366837,366916,59323,59337,ref-mek.00008.00002.00006.00103,ref-mek.00008.00002.00006.00118,463424,463510,72310,72323,ref-m.00004.00002.00002.00010.00025,ref-m.00004.00002.00002.00010.00041,ואל תחזיר לו אבדתו הרי זה לא ישמע לו מפני שאביו ואמו חייבין במצות עזב תעזוב ,אל תחזיר לא ישמע לו פרק וטען פרק וטען אפילו_ארבעה_וחמשה_פעמים חייב שנאמר עזוב תעזוב ,ref-m
3495,ref-mek.8.3.4.37-ref-mek.8.3.4.43,ref-m.5.2.8.2.15-ref-m.5.2.8.2.22,370299,370331,59859,59865,ref-mek.00008.00003.00004.00037,ref-mek.00008.00003.00004.00043,669624,669666,104205,104212,ref-m.00005.00002.00008.00002.00015,ref-m.00005.00002.00008.00002.00022,כיצד נרה שנה וזורעה שנה נרה שנה ,כיצד הוא עושה נרה שנה ראשונה ובשניה זורעה ,ref-m
3496,ref-mek.8.3.4.59-ref-mek.8.3.4.76,ref-m.1.5.1.4.53-ref-m.1.5.1.4.64,370423,370537,59880,59895,ref-mek.00008.00003.00004.00059,ref-mek.00008.00003.00004.00076,51225,51298,7998,8009,ref-m.00001.00005.00001.00004.00053,ref-m.00001.00005.00001.00004.00064,ערב שביעית שנכנסו לשביעית אין_לי_אלא פירות ערב שביעית שנכנסו לשביעית מנין לפירות שביעית שיצאו למוצאי שביעית ,ערב שביעית שהוא נכנס בשביעית וקציר של שביעית שהוא יוצא למוצאי שביעית ,ref-m
3497,ref-mek.8.3.4.59-ref-mek.8.3.4.76,ref-m.1.5.2.5.10-ref-m.1.5.2.5.18,370423,370537,59880,59895,ref-mek.00008.00003.00004.00059,ref-mek.00008.00003.00004.00076,52658,52719,8203,8211,ref-m.00001.00005.00002.00005.00010,ref-m.00001.00005.00002.00005.00018,ערב שביעית שנכנסו לשביעית אין_לי_אלא פירות ערב שביעית שנכנסו לשביעית מנין לפירות שביעית שיצאו למוצאי שביעית ,ערב שביעית שנכנסו לשביעית ושל שביעית שיצאו למוצאי שביעית ,ref-m
3498,ref-mek.8.4.1.63-ref-mek.8.4.1.69,ref-m.2.3.6.2.117-ref-m.2.3.6.2.127,373348,373384,60306,60312,ref-mek.00008.00004.00001.00063,ref-mek.00008.00004.00001.00069,189016,189072,29023,29031,ref-m.00002.00003.00006.00002.00117,ref-m.00002.00003.00006.00002.00127,שהן משום מלאכה דברים שהן משום שבות ,שהיא משום שבות אינה דוחה_את_השבת שחיטה שהיא משום מלאכה ,ref-m
3499,ref-mek.8.4.2.95-ref-mek.8.4.2.107,ref-m.2.12.1.1.1-ref-m.2.12.1.1.17,374640,374731,60524,60534,ref-mek.00008.00004.00002.00095,ref-mek.00008.00004.00002.00107,278444,278565,43058,43072,ref-m.00002.00012.00001.00001.00001,ref-m.00002.00012.00001.00001.00017,הכל חייבין בראייה חוץ מחרש שוטה וקטן וטומטום ואנדרוגינוס החגר והסומא והחולה והזקן ,הכל חייבין בראיה חוץ מחרש_שוטה_וקטן וטומטום ואנדרוגינוס ונשים ועבדים שאינם משוחררים החיגר והסומא והחולה והזקן ,ref-m
3500,ref-mek.8.4.7.20-ref-mek.8.4.7.28,ref-m.1.11.1.9.11-ref-m.1.11.1.9.16,376704,376751,60819,60825,ref-mek.00008.00004.00007.00020,ref-mek.00008.00004.00007.00028,123042,123071,18916,18921,ref-m.00001.00011.00001.00009.00011,ref-m.00001.00011.00001.00009.00016,ביכורים משקין מנין_תלמוד_לומר תביא בית ה' אלהיך ,בכורי אדמתך תביא בית ה' אלהיך ,ref-m
3501,ref-mek.8.4.7.38-ref-mek.8.4.7.45,ref-m.1.11.1.1.2-ref-m.1.11.1.1.13,376794,376842,60834,60841,ref-mek.00008.00004.00007.00038,ref-mek.00008.00004.00007.00045,121239,121315,18625,18636,ref-m.00001.00011.00001.00001.00002,ref-m.00001.00011.00001.00001.00013,מביאין וקורין ואלו מביאין ואין קורין אשר תביא ,מביאין בכורים וקורין מביאין ולא קורין ויש שאינן מביאין אלו שאינן מביאין ,ref-m
3502,ref-mek.8.4.7.131-ref-mek.8.4.7.143,ref-m.5.3.8.4.6-ref-m.5.3.8.4.16,377329,377402,60916,60926,ref-mek.00008.00004.00007.00131,ref-mek.00008.00004.00007.00143,698428,698488,108733,108743,ref-m.00005.00003.00008.00004.00006,ref-m.00005.00003.00008.00004.00016,בהמה טהורה מטמאה במשא וטמאה מטמאה במשא אם_למדת_על טהורה שאסורה להתבשל ,טהורה אסור לבשל ואסור בהנאה בשר בהמה טהורה בחלב בהמה טמאה ,ref-m
3503,ref-mek.8.4.7.142-ref-mek.8.4.7.154,ref-m.5.3.8.4.67-ref-m.5.3.8.4.82,377388,377463,60925,60936,ref-mek.00008.00004.00007.00142,ref-mek.00008.00004.00007.00154,698745,698827,108787,108801,ref-m.00005.00003.00008.00004.00067,ref-m.00005.00003.00008.00004.00082,שאסורה להתבשל בחלבה יכול אף טומאה אסור להתבשל בחלבה תלמוד לומר בחלב אמו ,אסור לבשל בחלב עוף שאסור משום נבלה יכול יהא אסור לבשל בחלב תלמוד לומר בחלב אמו ,ref-m
3504,ref-mek.8.5.1.62-ref-mek.8.5.1.109,ref-m.5.3.8.4.41-ref-m.5.3.8.4.88,378257,378495,61059,61096,ref-mek.00008.00005.00001.00062,ref-mek.00008.00005.00001.00109,698613,698851,108765,108806,ref-m.00005.00003.00008.00004.00041,ref-m.00005.00003.00008.00004.00088,בשלשה מקומות פרט לחיה פרט לבהמה פרט לעוף רבי יוסי_הגלילי_אומר נאמר לא תאכלו כל נבלה ונאמר לא_תבשל_גדי_בחלב_אמו את שאסור בנבלה אסור לבשל בחלב עוף שאסור משום נבלה יכול יהא אסור לבשל בחלב תלמוד לומר בחלב אמו יצא עוף שאין לו חלב אם ,שלש פעמים פרט לחיה ולעוף ולבהמה טמאה רבי_יוסי_הגלילי_אומר נאמר לא תאכלו כל נבלה ונאמר לא תבשל גדי בחלב אמו את שאסור משום נבלה אסור לבשל בחלב עוף שאסור משום נבלה יכול יהא אסור לבשל בחלב תלמוד לומר בחלב אמו יצא עוף שאין לו חלב אם ,ref-m
3505,ref-mek.8.5.1.260-ref-mek.8.5.1.272,ref-m.5.1.7.6.22-ref-m.5.1.7.6.38,379226,379303,61210,61220,ref-mek.00008.00005.00001.00260,ref-mek.00008.00005.00001.00272,640470,640574,99717,99732,ref-m.00005.00001.00007.00006.00022,ref-m.00005.00001.00007.00006.00038,בנבלה שהיא מטמאה במשא לפיכך אסורה באכילה תאמר_בבשר_בחלב שאינו מטמא במשא ,נבלת בהמה שהיא מטמאה במגע ובמשא שחיטתה מטהרת את טריפתה מטומאתה נבלת העוף שאינה מטמאה במגע ובמשא ,ref-m
3506,ref-mek.8.5.1.399-ref-mek.8.5.1.416,ref-m.5.3.4.4.85-ref-m.5.3.4.4.99,379982,380069,61320,61332,ref-mek.00008.00005.00001.00399,ref-mek.00008.00005.00001.00416,691873,691945,107772,107783,ref-m.00005.00003.00004.00004.00085,ref-m.00005.00003.00004.00004.00099,לא_אם_אמרת בערלה שלא היתה לה שעת היתר לפיכך אסורה בהנאה תאמר_בבשר_בחלב שהיתה לו שעת ,לא_אם_אמרת בבהמה טמאה שלא היתה לה שעת הכושר תאמר בטרפה שהיתה לה שעת ,ref-m
3507,ref-mek.9.1.2.13-ref-mek.9.1.2.31,ref-m.2.3.6.2.74-ref-m.2.3.6.2.101,381880,381978,61600,61613,ref-mek.00009.00001.00002.00013,ref-mek.00009.00001.00002.00031,188817,188950,28991,29012,ref-m.00002.00003.00006.00002.00074,ref-m.00002.00003.00006.00002.00101,מלאכה אין_לי_אלא דברים שהם משום מלאכה משום שבות מנין_תלמוד_לומר את שבתותי תשמורו להביא דברים שהן ,שהן מצוה והן משום שבות לא ידחו את השבת אמר_לו_רבי_אליעזר ועליה אני דן ומה אם שחיטה שהיא משום מלאכה דוחה_את_השבת הזאה שהיא משום ,ref-m
3508,ref-mek.9.1.2.18-ref-mek.9.1.2.33,ref-m.2.3.6.2.117-ref-m.2.3.6.2.133,381903,381988,61603,61615,ref-mek.00009.00001.00002.00018,ref-mek.00009.00001.00002.00033,189016,189099,29023,29034,ref-m.00002.00003.00006.00002.00117,ref-m.00002.00003.00006.00002.00133,שהם משום מלאכה משום שבות מנין_תלמוד_לומר את שבתותי תשמורו להביא דברים שהן משום שבות ,שהיא משום שבות אינה דוחה_את_השבת שחיטה שהיא משום מלאכה אינו_דין_שלא תדחה את השבת ,ref-m
3509,ref-mek.9.1.4.195-ref-mek.9.1.4.205,ref-m.2.1.12.6.3-ref-m.2.1.13.1.8,384320,384372,61948,61958,ref-mek.00009.00001.00004.00195,ref-mek.00009.00001.00004.00205,145372,145497,22380,22395,ref-m.00002.00001.00012.00006.00003,ref-m.00002.00001.00013.00001.00008,אות אחת שחרית ואות אחת בין הערבים או שארג חוט אחד ,אותיות בשתי העלמות אחת שחרית ואחת בין הערבים רבן גמליאל מחייב_וחכמים_פוטרין רבי_אליעזר_אומר האורג שלשה חוטין בתחלה ואחת ,ref-m
3510,ref-mek.9.1.5.73-ref-mek.9.1.5.82,ref-m.2.8.1.9.38-ref-m.2.8.1.9.42,385187,385234,62070,62075,ref-mek.00009.00001.00005.00073,ref-mek.00009.00001.00005.00082,250259,250281,38742,38746,ref-m.00002.00008.00001.00009.00038,ref-m.00002.00008.00001.00009.00042,אלהיך למה_נאמר_לפי_שהוא_אומר אלה מועדי ה' מקראי ,אלה מועדי ה' אשר תקראו ,ref-m
3511,ref-mek.9.1.5.73-ref-mek.9.1.5.83,ref-m.2.8.2.9.33-ref-m.2.8.2.9.37,385187,385238,62070,62076,ref-mek.00009.00001.00005.00073,ref-mek.00009.00001.00005.00083,252545,252568,39104,39108,ref-m.00002.00008.00002.00009.00033,ref-m.00002.00008.00002.00009.00037,אלהיך למה_נאמר_לפי_שהוא_אומר אלה מועדי ה' מקראי קדש ,אלה מועדי ה' מקראי קודש ,ref-m
3512,ref-mek.9.2.3.10-ref-mek.9.2.3.24,ref-m.1.5.1.4.40-ref-m.1.5.1.4.61,387502,387590,62426,62438,ref-mek.00009.00002.00003.00010,ref-mek.00009.00002.00003.00024,51156,51278,7986,8006,ref-m.00001.00005.00001.00004.00040,ref-m.00001.00005.00001.00004.00061,בחריש ובקציר תשבות שבות מחריש בשעת הקציר שבות מערב שביעית לשביעית אין_לי_אלא שהוא ,בחריש ובקציר תשבות אין צריך לומר חריש וקציר של שביעית אלא חריש של ערב שביעית שהוא נכנס בשביעית וקציר של שביעית שהוא ,ref-m
